<?xml version="1.0" encoding="utf-8"?>
<COLLADA xmlns="http://www.collada.org/2005/11/COLLADASchema" version="1.4.1">
  <asset><contributor><author>Mixamo</author><authoring_tool>COLLADA Mixamo exporter</authoring_tool><comments></comments></contributor><created>2016-01-22T15:41:55Z</created><modified>2016-01-22T15:41:55Z</modified><revision></revision><title></title><unit meter="0.010000"/><up_axis>Y_UP</up_axis></asset>
  <library_animations>
    <animation id="free3dmodel_skeleton-anim" name="free3dmodel_skeleton"><source id="free3dmodel_skeleton-Matrix-animation-input"><float_array id="free3dmodel_skeleton-Matrix-animation-input-array" count="21">

0.000000 0.033333 0.066667 0.100000 0.133333 0.166667 0.200000 0.233333 0.266667 0.300000 0.333333 0.366667 0.400000 0.433333 0.466667 0.500000
0.533333 0.566667 0.600000 0.633333 0.666667</float_array><technique_common><accessor source="#free3dmodel_skeleton-Matrix-animation-input-array" count="21"><param name="TIME" type="float"/></accessor></technique_common></source><source id="free3dmodel_skeleton-Matrix-animation-output-transform"><float_array id="free3dmodel_skeleton-Matrix-animation-output-transform-array" count="336">

28.166843 -89.794774 33.816083 -119.123146 -10.869112 32.030212 94.105940 -21.447571 -95.333579 -30.182180 -0.737995 2.178721 0.000000 0.000000 0.000000 1.000000
27.827873 -89.965785 33.641744 -72.041245 -10.841879 31.859215 94.167107 -22.514130 -95.436173 -29.852100 -0.888240 2.528871 0.000000 0.000000 0.000000 1.000000
27.494719 -90.283766 33.058766 -21.843895 -7.793126 32.178101 94.360145 -20.207672 -95.829576 -28.520368 1.811350 -7.662872 0.000000 0.000000 0.000000 1.000000
27.167251 -90.557422 32.577505 29.846664 -0.383490 33.748503 94.132308 -15.670685 -96.238212 -25.698092 8.821262 -32.926640 0.000000 0.000000 0.000000 1.000000
24.828586 -90.890869 33.502109 76.836319 3.385822 35.378218 93.471482 -9.727020 -96.809491 -22.073326 11.861314 -44.197826 0.000000 0.000000 0.000000 1.000000
22.944772 -90.756423 35.168298 121.110947 1.290882 36.412843 93.125928 -5.843292 -97.323538 -20.913551 9.526402 -36.494675 0.000000 0.000000 0.000000 1.000000
21.036280 -91.421001 34.636331 172.662445 0.047907 35.438750 93.509853 -7.801270 -97.762327 -19.654402 7.498792 -29.373827 0.000000 0.000000 0.000000 1.000000
18.162831 -92.533327 33.282052 229.888290 0.486511 33.929129 94.066878 -12.805450 -98.335522 -16.923287 6.612675 -26.562101 0.000000 0.000000 0.000000 1.000000
16.547650 -93.076564 32.602585 281.148895 1.584397 33.304968 94.277616 -16.749878 -98.608645 -15.084176 6.985891 -28.463142 0.000000 0.000000 0.000000 1.000000
16.289665 -92.677496 33.845657 322.019409 1.350039 34.510006 93.846880 -19.123230 -98.655077 -14.830412 6.872747 -28.009884 0.000000 0.000000 0.000000 1.000000
15.579326 -92.546134 34.532561 368.510742 0.908929 35.092256 93.636037 -19.960144 -98.774787 -14.273987 6.308316 -26.032513 0.000000 0.000000 0.000000 1.000000
13.506011 -92.314275 35.995309 413.069763 -2.029563 36.062800 93.248889 -16.804749 -99.062952 -13.324753 2.997070 -14.368080 0.000000 0.000000 0.000000 1.000000
12.434624 -92.528306 35.831448 468.126648 -6.278104 35.305684 93.349312 -12.473053 -99.025075 -13.857172 -1.418895 0.535267 0.000000 0.000000 0.000000 1.000000
13.583596 -92.167155 36.341456 520.290161 -11.750675 34.923730 92.963728 -9.207123 -98.373815 -16.898184 -6.086365 15.906826 0.000000 0.000000 0.000000 1.000000
16.841740 -92.034504 35.298808 577.461426 -11.095099 33.812791 93.453699 -7.638428 -97.945161 -19.655667 -4.516657 9.809660 0.000000 0.000000 0.000000 1.000000
20.530120 -92.103558 33.097563 642.163025 -6.680669 32.420211 94.362591 -10.998047 -97.641604 -21.583892 0.502774 -6.822475 0.000000 0.000000 0.000000 1.000000
25.256244 -91.920498 30.211656 709.067139 -4.779722 30.000548 95.273928 -13.198151 -96.639932 -25.506649 3.183467 -15.263965 0.000000 0.000000 0.000000 1.000000
28.005899 -91.704849 28.388208 765.951416 -5.961818 27.853025 95.857528 -16.949310 -95.812976 -28.538216 2.333214 -11.933281 0.000000 0.000000 0.000000 1.000000
25.970484 -92.002071 29.345408 811.848877 -6.976123 28.521302 95.592202 -21.867340 -96.316497 -26.872929 0.988943 -5.964776 0.000000 0.000000 0.000000 1.000000
26.213759 -90.149790 34.436234 840.463379 -11.179290 32.607060 93.871205 -21.263153 -95.853338 -28.456898 -1.530571 3.120219 0.000000 0.000000 0.000000 1.000000
28.166879 -89.794754 33.816106 892.964355 -10.869159 32.030221 94.105931 -21.447845 -95.333563 -30.182230 -0.738021 2.178811 0.000000 0.000000 0.000000 1.000000</float_array><technique_common><accessor source="#free3dmodel_skeleton-Matrix-animation-output-transform-array" count="21" stride="16"><param type="float4x4"/></accessor></technique_common></source><source id="free3dmodel_skeleton-Interpolations"><Name_array id="free3dmodel_skeleton-Interpolations-array" count="21">
 LINEAR LINEAR LINEAR LINEAR LINEAR LINEAR LINEAR LINEAR LINEAR LINEAR LINEAR
LINEAR LINEAR LINEAR LINEAR LINEAR LINEAR LINEAR LINEAR LINEAR LINEAR</Name_array><technique_common><accessor source="#free3dmodel_skeleton-Interpolations-array" count="21"><param type="name"/></accessor></technique_common></source><sampler id="free3dmodel_skeleton-Matrix-animation-transform"><input semantic="INPUT" source="#free3dmodel_skeleton-Matrix-animation-input"/><input semantic="OUTPUT" source="#free3dmodel_skeleton-Matrix-animation-output-transform"/><input semantic="INTERPOLATION" source="#free3dmodel_skeleton-Interpolations"/></sampler><channel source="#free3dmodel_skeleton-Matrix-animation-transform" target="free3dmodel_skeleton/matrix"/></animation>
    <animation id="hips-anim" name="hips"><source id="hips-Matrix-animation-input"><float_array id="hips-Matrix-animation-input-array" count="21">

0.000000 0.033333 0.066667 0.100000 0.133333 0.166667 0.200000 0.233333 0.266667 0.300000 0.333333 0.366667 0.400000 0.433333 0.466667 0.500000
0.533333 0.566667 0.600000 0.633333 0.666667</float_array><technique_common><accessor source="#hips-Matrix-animation-input-array" count="21"><param name="TIME" type="float"/></accessor></technique_common></source><source id="hips-Matrix-animation-output-transform"><float_array id="hips-Matrix-animation-output-transform-array" count="336">

1.000000 0.000000 -0.000000 0.000000 0.000000 0.000234 -1.000000 0.052000 -0.000000 1.000000 0.000234 3.016600 0.000000 0.000000 0.000000 1.000000
1.000000 0.000000 -0.000000 -0.000000 -0.000000 0.000234 -1.000000 0.052000 0.000000 1.000000 0.000234 3.016600 0.000000 0.000000 0.000000 1.000000
1.000000 -0.000000 0.000000 -0.000000 0.000000 0.000234 -1.000000 0.052000 -0.000000 1.000000 0.000234 3.016600 0.000000 0.000000 0.000000 1.000000
1.000000 -0.000000 -0.000000 0.000000 -0.000000 0.000234 -1.000000 0.052000 -0.000000 1.000000 0.000234 3.016600 0.000000 0.000000 0.000000 1.000000
1.000000 -0.000000 -0.000000 -0.000000 -0.000000 0.000234 -1.000000 0.052000 0.000000 1.000000 0.000234 3.016600 0.000000 0.000000 0.000000 1.000000
1.000000 -0.000000 0.000000 0.000000 0.000000 0.000234 -1.000000 0.052000 0.000000 1.000000 0.000234 3.016600 0.000000 0.000000 0.000000 1.000000
1.000000 0.000000 0.000000 0.000000 0.000000 0.000234 -1.000000 0.052000 0.000000 1.000000 0.000234 3.016600 0.000000 0.000000 0.000000 1.000000
1.000000 0.000000 0.000000 -0.000000 -0.000000 0.000234 -1.000000 0.052000 -0.000000 1.000000 0.000234 3.016600 0.000000 0.000000 0.000000 1.000000
1.000000 -0.000000 -0.000000 -0.000000 0.000000 0.000234 -1.000000 0.052000 -0.000000 1.000000 0.000234 3.016600 0.000000 0.000000 0.000000 1.000000
1.000000 -0.000000 0.000000 0.000000 -0.000000 0.000234 -1.000000 0.052000 0.000000 1.000000 0.000234 3.016600 0.000000 0.000000 0.000000 1.000000
1.000000 0.000000 0.000000 0.000000 0.000000 0.000234 -1.000000 0.052000 -0.000000 1.000000 0.000234 3.016600 0.000000 0.000000 0.000000 1.000000
1.000000 0.000000 0.000000 0.000000 -0.000000 0.000234 -1.000000 0.052000 0.000000 1.000000 0.000234 3.016600 0.000000 0.000000 0.000000 1.000000
1.000000 0.000000 -0.000000 0.000000 -0.000000 0.000234 -1.000000 0.052000 -0.000000 1.000000 0.000234 3.016600 0.000000 0.000000 0.000000 1.000000
1.000000 -0.000000 -0.000000 0.000000 0.000000 0.000234 -1.000000 0.052000 0.000000 1.000000 0.000234 3.016600 0.000000 0.000000 0.000000 1.000000
1.000000 0.000000 -0.000000 0.000000 0.000000 0.000234 -1.000000 0.052000 0.000000 1.000000 0.000234 3.016600 0.000000 0.000000 0.000000 1.000000
1.000000 0.000000 0.000000 0.000000 -0.000000 0.000234 -1.000000 0.052000 -0.000000 1.000000 0.000234 3.016600 0.000000 0.000000 0.000000 1.000000
1.000000 0.000000 -0.000000 0.000000 0.000000 0.000234 -1.000000 0.052000 -0.000000 1.000000 0.000234 3.016600 0.000000 0.000000 0.000000 1.000000
1.000000 -0.000000 0.000000 -0.000000 -0.000000 0.000234 -1.000000 0.052000 -0.000000 1.000000 0.000234 3.016600 0.000000 0.000000 0.000000 1.000000
1.000000 -0.000000 0.000000 0.000000 0.000000 0.000234 -1.000000 0.052000 0.000000 1.000000 0.000234 3.016600 0.000000 0.000000 0.000000 1.000000
1.000000 0.000000 0.000000 0.000000 0.000000 0.000234 -1.000000 0.052000 -0.000000 1.000000 0.000234 3.016600 0.000000 0.000000 0.000000 1.000000
1.000000 0.000000 0.000000 0.000000 0.000000 0.000234 -1.000000 0.052000 0.000000 1.000000 0.000234 3.016600 0.000000 0.000000 0.000000 1.000000</float_array><technique_common><accessor source="#hips-Matrix-animation-output-transform-array" count="21" stride="16"><param type="float4x4"/></accessor></technique_common></source><source id="hips-Interpolations"><Name_array id="hips-Interpolations-array" count="21">
 LINEAR LINEAR LINEAR LINEAR LINEAR LINEAR LINEAR LINEAR LINEAR LINEAR LINEAR
LINEAR LINEAR LINEAR LINEAR LINEAR LINEAR LINEAR LINEAR LINEAR LINEAR</Name_array><technique_common><accessor source="#hips-Interpolations-array" count="21"><param type="name"/></accessor></technique_common></source><sampler id="hips-Matrix-animation-transform"><input semantic="INPUT" source="#hips-Matrix-animation-input"/><input semantic="OUTPUT" source="#hips-Matrix-animation-output-transform"/><input semantic="INTERPOLATION" source="#hips-Interpolations"/></sampler><channel source="#hips-Matrix-animation-transform" target="hips/matrix"/></animation>
    <animation id="abdomen-anim" name="abdomen"><source id="abdomen-Matrix-animation-input"><float_array id="abdomen-Matrix-animation-input-array" count="21">

0.000000 0.033333 0.066667 0.100000 0.133333 0.166667 0.200000 0.233333 0.266667 0.300000 0.333333 0.366667 0.400000 0.433333 0.466667 0.500000
0.533333 0.566667 0.600000 0.633333 0.666667</float_array><technique_common><accessor source="#abdomen-Matrix-animation-input-array" count="21"><param name="TIME" type="float"/></accessor></technique_common></source><source id="abdomen-Matrix-animation-output-transform"><float_array id="abdomen-Matrix-animation-output-transform-array" count="336">

0.984995 -0.119549 -0.124471 -0.000000 0.097180 0.980217 -0.172423 0.491500 0.142622 0.157740 0.977127 -0.000000 0.000000 0.000000 0.000000 1.000000
0.989592 -0.107677 -0.095466 0.000000 0.090464 0.981419 -0.169214 0.491500 0.111913 0.158817 0.980945 0.000000 0.000000 0.000000 0.000000 1.000000
0.995118 -0.065728 -0.073622 -0.000000 0.053970 0.986960 -0.151649 0.491500 0.082630 0.146935 0.985689 -0.000000 0.000000 0.000000 0.000000 1.000000
0.998587 -0.004026 -0.052983 0.000000 -0.002994 0.991279 -0.131743 0.491500 0.053051 0.131715 0.989867 0.000000 0.000000 0.000000 0.000000 1.000000
0.999448 0.021404 -0.025405 0.000000 -0.024372 0.992116 -0.122927 0.491500 0.022574 0.123478 0.992091 0.000000 0.000000 0.000000 0.000000 1.000000
0.999928 0.009861 -0.006863 0.000000 -0.010647 0.991982 -0.125929 0.491500 0.005566 0.125993 0.992016 0.000000 0.000000 0.000000 0.000000 1.000000
0.999794 -0.013550 -0.015139 0.000000 0.011416 0.991041 -0.133066 0.491500 0.016807 0.132865 0.990992 0.000000 0.000000 0.000000 0.000000 1.000000
0.998119 -0.034605 -0.050597 0.000000 0.027250 0.989856 -0.139433 0.491500 0.054909 0.137792 0.988938 0.000000 0.000000 0.000000 0.000000 1.000000
0.993882 -0.036956 -0.104078 0.000000 0.021284 0.988781 -0.147848 0.491500 0.108374 0.144728 0.983519 -0.000000 0.000000 0.000000 0.000000 1.000000
0.987322 -0.041876 -0.153106 -0.000000 0.016821 0.986744 -0.161412 0.491500 0.157836 0.156790 0.974938 0.000000 0.000000 0.000000 0.000000 1.000000
0.979254 -0.059852 -0.193594 0.000000 0.026162 0.984731 -0.172109 0.491500 0.200939 0.163473 0.965868 0.000000 0.000000 0.000000 0.000000 1.000000
0.967319 -0.105868 -0.230403 0.000000 0.065461 0.982130 -0.176452 0.491500 0.244966 0.155603 0.956964 0.000000 0.000000 0.000000 0.000000 1.000000
0.948861 -0.166526 -0.268201 0.000000 0.120261 0.976170 -0.180633 0.491500 0.291890 0.139142 0.946277 -0.000000 0.000000 0.000000 0.000000 1.000000
0.929524 -0.211866 -0.301824 0.000000 0.160571 0.969354 -0.185929 0.491500 0.331966 0.124361 0.935058 0.000000 0.000000 0.000000 0.000000 1.000000
0.921815 -0.208328 -0.326889 0.000000 0.155909 0.971346 -0.179384 0.491500 0.354893 0.114394 0.927882 -0.000000 0.000000 0.000000 0.000000 1.000000
0.927015 -0.170244 -0.334156 -0.000000 0.121505 0.979306 -0.161854 0.491500 0.354795 0.109440 0.928517 0.000000 0.000000 0.000000 0.000000 1.000000
0.940944 -0.134793 -0.310573 -0.000000 0.091649 0.984488 -0.149610 0.491500 0.325922 0.112310 0.938702 0.000000 0.000000 0.000000 0.000000 1.000000
0.956583 -0.129529 -0.261095 0.000000 0.091640 0.984054 -0.152444 0.491500 0.276678 0.121898 0.953200 0.000000 0.000000 0.000000 0.000000 1.000000
0.970147 -0.136220 -0.200645 -0.000000 0.104849 0.981619 -0.159470 0.491500 0.218680 0.133672 0.966598 0.000000 0.000000 0.000000 0.000000 1.000000
0.980194 -0.136405 -0.143571 0.000000 0.112232 0.979924 -0.164782 0.491500 0.163166 0.145405 0.975825 0.000000 0.000000 0.000000 0.000000 1.000000
0.984995 -0.119549 -0.124471 0.000000 0.097181 0.980217 -0.172424 0.491500 0.142622 0.157740 0.977127 0.000000 0.000000 0.000000 0.000000 1.000000</float_array><technique_common><accessor source="#abdomen-Matrix-animation-output-transform-array" count="21" stride="16"><param type="float4x4"/></accessor></technique_common></source><source id="abdomen-Interpolations"><Name_array id="abdomen-Interpolations-array" count="21">
 LINEAR LINEAR LINEAR LINEAR LINEAR LINEAR LINEAR LINEAR LINEAR LINEAR LINEAR
LINEAR LINEAR LINEAR LINEAR LINEAR LINEAR LINEAR LINEAR LINEAR LINEAR</Name_array><technique_common><accessor source="#abdomen-Interpolations-array" count="21"><param type="name"/></accessor></technique_common></source><sampler id="abdomen-Matrix-animation-transform"><input semantic="INPUT" source="#abdomen-Matrix-animation-input"/><input semantic="OUTPUT" source="#abdomen-Matrix-animation-output-transform"/><input semantic="INTERPOLATION" source="#abdomen-Interpolations"/></sampler><channel source="#abdomen-Matrix-animation-transform" target="abdomen/matrix"/></animation>
    <animation id="abdomen2-anim" name="abdomen2"><source id="abdomen2-Matrix-animation-input"><float_array id="abdomen2-Matrix-animation-input-array" count="21">

0.000000 0.033333 0.066667 0.100000 0.133333 0.166667 0.200000 0.233333 0.266667 0.300000 0.333333 0.366667 0.400000 0.433333 0.466667 0.500000
0.533333 0.566667 0.600000 0.633333 0.666667</float_array><technique_common><accessor source="#abdomen2-Matrix-animation-input-array" count="21"><param name="TIME" type="float"/></accessor></technique_common></source><source id="abdomen2-Matrix-animation-output-transform"><float_array id="abdomen2-Matrix-animation-output-transform-array" count="336">

0.997439 -0.028432 -0.065629 0.000000 0.040207 0.981772 0.185759 0.263800 0.059151 -0.187922 0.980401 0.000000 0.000000 0.000000 0.000000 1.000000
0.998335 -0.026080 -0.051449 -0.000000 0.035251 0.981859 0.186309 0.263800 0.045657 -0.187812 0.981143 0.000000 0.000000 0.000000 0.000000 1.000000
0.999193 -0.015637 -0.037001 0.000000 0.022417 0.981410 0.190610 0.263800 0.033333 -0.191285 0.980968 0.000000 0.000000 0.000000 0.000000 1.000000
0.999732 -0.003254 -0.022935 0.000000 0.007663 0.980801 0.194862 0.263800 0.021861 -0.194986 0.980562 0.000000 0.000000 0.000000 0.000000 1.000000
0.999925 0.001559 -0.012135 -0.000000 0.000860 0.980426 0.196885 0.263800 0.012205 -0.196881 0.980351 -0.000000 0.000000 0.000000 0.000000 1.000000
0.999955 -0.002903 -0.008996 0.000000 0.004620 0.980357 0.197177 0.263800 0.008247 -0.197210 0.980327 0.000000 0.000000 0.000000 0.000000 1.000000
0.999835 -0.008633 -0.016002 0.000000 0.011612 0.980403 0.196662 0.263800 0.013991 -0.196815 0.980341 -0.000000 0.000000 0.000000 0.000000 1.000000
0.999477 -0.009239 -0.031003 0.000000 0.015118 0.980659 0.195139 0.263800 0.028601 -0.195505 0.980285 -0.000000 0.000000 0.000000 0.000000 1.000000
0.998783 -0.006044 -0.048958 0.000000 0.015321 0.981391 0.191406 0.263800 0.046890 -0.191924 0.980289 -0.000000 0.000000 0.000000 0.000000 1.000000
0.997736 -0.004433 -0.067101 0.000000 0.016856 0.982456 0.185729 0.263800 0.065100 -0.186439 0.980307 0.000000 0.000000 0.000000 0.000000 1.000000
0.996198 -0.008677 -0.086688 0.000000 0.024404 0.982984 0.182061 0.263800 0.083634 -0.183484 0.979458 0.000000 0.000000 0.000000 0.000000 1.000000
0.993921 -0.018276 -0.108567 0.000000 0.038028 0.982420 0.182768 0.263800 0.103318 -0.185785 0.977143 0.000000 0.000000 0.000000 0.000000 1.000000
0.991228 -0.027640 -0.129240 0.000000 0.051470 0.981414 0.184869 0.263800 0.121729 -0.189899 0.974228 -0.000000 0.000000 0.000000 0.000000 1.000000
0.989227 -0.031111 -0.143045 0.000000 0.057821 0.980741 0.186557 0.263800 0.134487 -0.192819 0.971974 0.000000 0.000000 0.000000 0.000000 1.000000
0.988640 -0.028193 -0.147637 0.000000 0.056356 0.980123 0.190216 0.263800 0.139340 -0.196375 0.970578 -0.000000 0.000000 0.000000 0.000000 1.000000
0.989163 -0.023406 -0.144942 0.000000 0.051858 0.979278 0.195766 0.263800 0.137356 -0.201161 0.969880 0.000000 0.000000 0.000000 0.000000 1.000000
0.990362 -0.021660 -0.136797 0.000000 0.048823 0.978892 0.198462 0.263800 0.129611 -0.203228 0.970515 0.000000 0.000000 0.000000 0.000000 1.000000
0.992243 -0.024237 -0.121929 -0.000000 0.048036 0.979380 0.196233 0.263800 0.114659 -0.200568 0.972947 -0.000000 0.000000 0.000000 0.000000 1.000000
0.994622 -0.028983 -0.099430 0.000000 0.047798 0.980146 0.192431 0.263800 0.091879 -0.196149 0.976260 0.000000 0.000000 0.000000 0.000000 1.000000
0.996606 -0.031796 -0.075929 0.000000 0.045731 0.980814 0.189506 0.263800 0.068447 -0.192335 0.978939 0.000000 0.000000 0.000000 0.000000 1.000000
0.997439 -0.028432 -0.065628 -0.000000 0.040207 0.981772 0.185759 0.263800 0.059151 -0.187922 0.980401 0.000000 0.000000 0.000000 0.000000 1.000000</float_array><technique_common><accessor source="#abdomen2-Matrix-animation-output-transform-array" count="21" stride="16"><param type="float4x4"/></accessor></technique_common></source><source id="abdomen2-Interpolations"><Name_array id="abdomen2-Interpolations-array" count="21">
 LINEAR LINEAR LINEAR LINEAR LINEAR LINEAR LINEAR LINEAR LINEAR LINEAR LINEAR
LINEAR LINEAR LINEAR LINEAR LINEAR LINEAR LINEAR LINEAR LINEAR LINEAR</Name_array><technique_common><accessor source="#abdomen2-Interpolations-array" count="21"><param type="name"/></accessor></technique_common></source><sampler id="abdomen2-Matrix-animation-transform"><input semantic="INPUT" source="#abdomen2-Matrix-animation-input"/><input semantic="OUTPUT" source="#abdomen2-Matrix-animation-output-transform"/><input semantic="INTERPOLATION" source="#abdomen2-Interpolations"/></sampler><channel source="#abdomen2-Matrix-animation-transform" target="abdomen2/matrix"/></animation>
    <animation id="chest-anim" name="chest"><source id="chest-Matrix-animation-input"><float_array id="chest-Matrix-animation-input-array" count="21">

0.000000 0.033333 0.066667 0.100000 0.133333 0.166667 0.200000 0.233333 0.266667 0.300000 0.333333 0.366667 0.400000 0.433333 0.466667 0.500000
0.533333 0.566667 0.600000 0.633333 0.666667</float_array><technique_common><accessor source="#chest-Matrix-animation-input-array" count="21"><param name="TIME" type="float"/></accessor></technique_common></source><source id="chest-Matrix-animation-output-transform"><float_array id="chest-Matrix-animation-output-transform-array" count="336">

0.997419 -0.041929 -0.058279 0.000000 0.025506 0.965732 -0.258285 0.460500 0.067112 0.256132 0.964309 0.000000 0.000000 0.000000 0.000000 1.000000
0.998317 -0.036554 -0.045015 0.000000 0.023733 0.965858 -0.257983 0.460500 0.052908 0.256481 0.965100 -0.000000 0.000000 0.000000 0.000000 1.000000
0.999179 -0.023155 -0.033248 0.000000 0.013962 0.967116 -0.253951 0.460500 0.038035 0.253278 0.966645 0.000000 0.000000 0.000000 0.000000 1.000000
0.999722 -0.007974 -0.022202 0.000000 0.002173 0.968263 -0.249924 0.460500 0.023490 0.249806 0.968011 0.000000 0.000000 0.000000 0.000000 1.000000
0.999920 -0.000990 -0.012647 -0.000000 -0.002178 0.968744 -0.248051 0.460500 0.012497 0.248059 0.968664 -0.000000 0.000000 0.000000 0.000000 1.000000
0.999952 -0.004755 -0.008564 0.000000 0.002484 0.968802 -0.247823 0.460500 0.009475 0.247790 0.968767 0.000000 0.000000 0.000000 0.000000 1.000000
0.999830 -0.011858 -0.014123 -0.000000 0.007981 0.968653 -0.248290 0.460500 0.016625 0.248135 0.968583 0.000000 0.000000 0.000000 0.000000 1.000000
0.999470 -0.015570 -0.028587 0.000000 0.007944 0.968302 -0.249656 0.460500 0.031568 0.249296 0.967913 -0.000000 0.000000 0.000000 0.000000 1.000000
0.998775 -0.016214 -0.046740 0.000000 0.003858 0.967419 -0.253152 0.460500 0.049322 0.252661 0.966297 -0.000000 0.000000 0.000000 0.000000 1.000000
0.997731 -0.018568 -0.064722 0.000000 0.001206 0.965998 -0.258546 0.460500 0.067322 0.257881 0.963828 0.000000 0.000000 0.000000 0.000000 1.000000
0.996192 -0.027022 -0.082888 0.000000 0.004392 0.965101 -0.261842 0.460500 0.087071 0.260481 0.961545 0.000000 0.000000 0.000000 0.000000 1.000000
0.993908 -0.041086 -0.102271 0.000000 0.013102 0.965385 -0.260501 0.460500 0.109434 0.257574 0.960042 0.000000 0.000000 0.000000 0.000000 1.000000
0.991195 -0.054496 -0.120673 -0.000000 0.021771 0.966048 -0.257445 0.460500 0.130605 0.252551 0.958728 0.000000 0.000000 0.000000 0.000000 1.000000
0.989174 -0.060754 -0.133582 0.000000 0.024940 0.966633 -0.254948 0.460500 0.144614 0.248857 0.957683 -0.000000 0.000000 0.000000 0.000000 1.000000
0.988583 -0.059157 -0.138580 0.000000 0.022692 0.967668 -0.251205 0.460500 0.148960 0.245192 0.957962 0.000000 0.000000 0.000000 0.000000 1.000000
0.989125 -0.054419 -0.136638 0.000000 0.019300 0.969022 -0.246221 0.460500 0.145804 0.240906 0.959534 0.000000 0.000000 0.000000 0.000000 1.000000
0.990342 -0.051283 -0.128812 0.000000 0.018444 0.969550 -0.244196 0.460500 0.137413 0.239462 0.961133 0.000000 0.000000 0.000000 0.000000 1.000000
0.992223 -0.050473 -0.113779 0.000000 0.020969 0.968811 -0.246910 0.460500 0.122692 0.242604 0.962336 0.000000 0.000000 0.000000 0.000000 1.000000
0.994599 -0.049909 -0.091007 0.000000 0.025580 0.967624 -0.251097 0.460500 0.100593 0.247413 0.963674 0.000000 0.000000 0.000000 0.000000 1.000000
0.996585 -0.047382 -0.067623 0.000000 0.028701 0.966684 -0.254358 0.460500 0.077422 0.251549 0.964743 0.000000 0.000000 0.000000 0.000000 1.000000
0.997419 -0.041930 -0.058279 -0.000000 0.025506 0.965732 -0.258285 0.460500 0.067112 0.256132 0.964309 -0.000000 0.000000 0.000000 0.000000 1.000000</float_array><technique_common><accessor source="#chest-Matrix-animation-output-transform-array" count="21" stride="16"><param type="float4x4"/></accessor></technique_common></source><source id="chest-Interpolations"><Name_array id="chest-Interpolations-array" count="21">
 LINEAR LINEAR LINEAR LINEAR LINEAR LINEAR LINEAR LINEAR LINEAR LINEAR LINEAR
LINEAR LINEAR LINEAR LINEAR LINEAR LINEAR LINEAR LINEAR LINEAR LINEAR</Name_array><technique_common><accessor source="#chest-Interpolations-array" count="21"><param type="name"/></accessor></technique_common></source><sampler id="chest-Matrix-animation-transform"><input semantic="INPUT" source="#chest-Matrix-animation-input"/><input semantic="OUTPUT" source="#chest-Matrix-animation-output-transform"/><input semantic="INTERPOLATION" source="#chest-Interpolations"/></sampler><channel source="#chest-Matrix-animation-transform" target="chest/matrix"/></animation>
    <animation id="neck-anim" name="neck"><source id="neck-Matrix-animation-input"><float_array id="neck-Matrix-animation-input-array" count="21">

0.000000 0.033333 0.066667 0.100000 0.133333 0.166667 0.200000 0.233333 0.266667 0.300000 0.333333 0.366667 0.400000 0.433333 0.466667 0.500000
0.533333 0.566667 0.600000 0.633333 0.666667</float_array><technique_common><accessor source="#neck-Matrix-animation-input-array" count="21"><param name="TIME" type="float"/></accessor></technique_common></source><source id="neck-Matrix-animation-output-transform"><float_array id="neck-Matrix-animation-output-transform-array" count="336">

0.992070 -0.000692 -0.125683 0.000000 -0.041522 0.942034 -0.332938 0.867400 0.118628 0.335517 0.934535 0.000000 0.000000 0.000000 0.000000 1.000000
0.990544 -0.006252 -0.137049 -0.000000 -0.040332 0.941547 -0.334460 0.867400 0.131130 0.336825 0.932392 -0.000000 0.000000 0.000000 0.000000 1.000000
0.988800 -0.018547 -0.148092 0.000000 -0.032961 0.940613 -0.337877 0.867400 0.145564 0.338973 0.929467 0.000000 0.000000 0.000000 0.000000 1.000000
0.986531 -0.034821 -0.159822 -0.000000 -0.020947 0.942139 -0.334567 0.867400 0.162225 0.333408 0.928721 -0.000000 0.000000 0.000000 0.000000 1.000000
0.984193 -0.046479 -0.170892 0.000000 -0.011393 0.946332 -0.322997 0.867400 0.176733 0.319838 0.930843 0.000000 0.000000 0.000000 0.000000 1.000000
0.983164 -0.049132 -0.175994 0.000000 -0.008676 0.949534 -0.313544 0.867400 0.182518 0.309792 0.933122 0.000000 0.000000 0.000000 0.000000 1.000000
0.984207 -0.045002 -0.171208 0.000000 -0.011403 0.949022 -0.315003 0.867400 0.176656 0.311980 0.933521 0.000000 0.000000 0.000000 0.000000 1.000000
0.986604 -0.036836 -0.158922 -0.000000 -0.016574 0.946500 -0.322277 0.867400 0.162291 0.320593 0.933210 -0.000000 0.000000 0.000000 0.000000 1.000000
0.989106 -0.027207 -0.144666 -0.000000 -0.021285 0.946008 -0.323443 0.867400 0.145655 0.322999 0.935124 0.000000 0.000000 0.000000 0.000000 1.000000
0.991079 -0.017683 -0.132094 0.000000 -0.025087 0.948686 -0.315222 0.867400 0.130890 0.315724 0.939780 0.000000 0.000000 0.000000 0.000000 1.000000
0.992608 -0.004613 -0.121275 0.000000 -0.033272 0.950648 -0.308481 0.867400 0.116713 0.310236 0.943468 0.000000 0.000000 0.000000 0.000000 1.000000
0.993866 0.014565 -0.109628 -0.000000 -0.048537 0.948162 -0.314059 0.867400 0.099371 0.317453 0.943053 -0.000000 0.000000 0.000000 0.000000 1.000000
0.994908 0.032818 -0.095290 0.000000 -0.062629 0.942098 -0.329437 0.867400 0.078961 0.333727 0.939357 -0.000000 0.000000 0.000000 0.000000 1.000000
0.995863 0.041650 -0.080754 0.000000 -0.067245 0.935543 -0.346751 0.867400 0.061107 0.350747 0.934474 0.000000 0.000000 0.000000 0.000000 1.000000
0.996484 0.043592 -0.071556 0.000000 -0.066637 0.930021 -0.361415 0.867400 0.050794 0.364912 0.929655 -0.000000 0.000000 0.000000 0.000000 1.000000
0.996368 0.046668 -0.071229 0.000000 -0.069827 0.926522 -0.369704 0.867400 0.048742 0.373335 0.926415 -0.000000 0.000000 0.000000 0.000000 1.000000
0.995586 0.049445 -0.079768 0.000000 -0.075444 0.927202 -0.366886 0.867400 0.055820 0.371285 0.926840 -0.000000 0.000000 0.000000 0.000000 1.000000
0.994637 0.040353 -0.095235 0.000000 -0.071660 0.932809 -0.353176 0.867400 0.074584 0.358106 0.930697 0.000000 0.000000 0.000000 0.000000 1.000000
0.993458 0.016377 -0.113014 0.000000 -0.053919 0.939671 -0.337803 0.867400 0.100664 0.341687 0.934407 0.000000 0.000000 0.000000 0.000000 1.000000
0.992123 -0.005476 -0.125145 0.000000 -0.036508 0.943034 -0.330687 0.867400 0.119827 0.332651 0.935406 -0.000000 0.000000 0.000000 0.000000 1.000000
0.992070 -0.000692 -0.125683 0.000000 -0.041522 0.942034 -0.332939 0.867400 0.118628 0.335517 0.934535 0.000000 0.000000 0.000000 0.000000 1.000000</float_array><technique_common><accessor source="#neck-Matrix-animation-output-transform-array" count="21" stride="16"><param type="float4x4"/></accessor></technique_common></source><source id="neck-Interpolations"><Name_array id="neck-Interpolations-array" count="21">
 LINEAR LINEAR LINEAR LINEAR LINEAR LINEAR LINEAR LINEAR LINEAR LINEAR LINEAR
LINEAR LINEAR LINEAR LINEAR LINEAR LINEAR LINEAR LINEAR LINEAR LINEAR</Name_array><technique_common><accessor source="#neck-Interpolations-array" count="21"><param type="name"/></accessor></technique_common></source><sampler id="neck-Matrix-animation-transform"><input semantic="INPUT" source="#neck-Matrix-animation-input"/><input semantic="OUTPUT" source="#neck-Matrix-animation-output-transform"/><input semantic="INTERPOLATION" source="#neck-Interpolations"/></sampler><channel source="#neck-Matrix-animation-transform" target="neck/matrix"/></animation>
    <animation id="shoulder.L-anim" name="shoulder.L"><source id="shoulder.L-Matrix-animation-input"><float_array id="shoulder.L-Matrix-animation-input-array" count="21">

0.000000 0.033333 0.066667 0.100000 0.133333 0.166667 0.200000 0.233333 0.266667 0.300000 0.333333 0.366667 0.400000 0.433333 0.466667 0.500000
0.533333 0.566667 0.600000 0.633333 0.666667</float_array><technique_common><accessor source="#shoulder.L-Matrix-animation-input-array" count="21"><param name="TIME" type="float"/></accessor></technique_common></source><source id="shoulder.L-Matrix-animation-output-transform"><float_array id="shoulder.L-Matrix-animation-output-transform-array" count="336">

0.137319 0.973011 0.185453 0.059900 -0.109786 -0.171122 0.979114 0.654700 0.984424 -0.154811 0.083325 0.179400 0.000000 0.000000 0.000000 1.000000
0.142085 0.973460 0.179407 0.059900 -0.108158 -0.164892 0.980363 0.654700 0.983928 -0.158700 0.081859 0.179400 0.000000 0.000000 0.000000 1.000000
0.147701 0.974478 0.169050 0.059900 -0.105212 -0.154474 0.982379 0.654700 0.983420 -0.162884 0.079711 0.179400 0.000000 0.000000 0.000000 1.000000
0.136918 0.977917 0.157895 0.059900 -0.102228 -0.144596 0.984196 0.654700 0.985293 -0.150896 0.080172 0.179400 0.000000 0.000000 0.000000 1.000000
0.112922 0.981946 0.151761 0.059900 -0.101090 -0.140592 0.984893 0.654700 0.988448 -0.126558 0.083389 0.179400 0.000000 0.000000 0.000000 1.000000
0.091213 0.983956 0.153333 0.059900 -0.101973 -0.143937 0.984319 0.654700 0.990597 -0.105418 0.087208 0.179400 0.000000 0.000000 0.000000 1.000000
0.079244 0.983585 0.162113 0.059900 -0.104382 -0.153543 0.982613 0.654700 0.991375 -0.094788 0.090501 0.179400 0.000000 0.000000 0.000000 1.000000
0.073960 0.981094 0.178845 0.059900 -0.108576 -0.170348 0.979384 0.654700 0.991333 -0.091854 0.093924 0.179400 0.000000 0.000000 0.000000 1.000000
0.072346 0.977121 0.200002 0.059900 -0.113800 -0.191131 0.974945 0.654700 0.990866 -0.093294 0.097369 0.179400 0.000000 0.000000 0.000000 1.000000
0.070879 0.974397 0.213368 0.059900 -0.117118 -0.204297 0.971878 0.654700 0.990586 -0.093875 0.099639 0.179400 0.000000 0.000000 0.000000 1.000000
0.065614 0.976170 0.206849 0.059900 -0.115470 -0.198475 0.973280 0.654700 0.991142 -0.087746 0.099695 0.179400 0.000000 0.000000 0.000000 1.000000
0.059315 0.981450 0.182312 0.059900 -0.109697 -0.175119 0.978417 0.654700 0.992194 -0.078034 0.097275 0.179400 0.000000 0.000000 0.000000 1.000000
0.062488 0.986001 0.154588 0.059900 -0.103389 -0.147662 0.983619 0.654700 0.992676 -0.077447 0.092715 0.179400 0.000000 0.000000 0.000000 1.000000
0.080309 0.987410 0.136280 0.059900 -0.098642 -0.128178 0.986833 0.654700 0.991877 -0.092695 0.087106 0.179400 0.000000 0.000000 0.000000 1.000000
0.103501 0.986014 0.130630 0.059900 -0.096364 -0.120776 0.987991 0.654700 0.989950 -0.114846 0.082515 0.179400 0.000000 0.000000 0.000000 1.000000
0.118217 0.983755 0.135093 0.059900 -0.096947 -0.123963 0.987540 0.654700 0.988244 -0.129841 0.080718 0.179400 0.000000 0.000000 0.000000 1.000000
0.119598 0.982007 0.146146 0.059900 -0.099834 -0.134561 0.985863 0.654700 0.987790 -0.132497 0.081944 0.179400 0.000000 0.000000 0.000000 1.000000
0.110333 0.981020 0.159457 0.059900 -0.103630 -0.148207 0.983512 0.654700 0.988477 -0.125039 0.085311 0.179400 0.000000 0.000000 0.000000 1.000000
0.098279 0.980547 0.169907 0.059900 -0.106612 -0.159377 0.981444 0.654700 0.989432 -0.114569 0.088874 0.179400 0.000000 0.000000 0.000000 1.000000
0.100912 0.979107 0.176539 0.059900 -0.108182 -0.165594 0.980243 0.654700 0.988996 -0.118017 0.089211 0.179400 0.000000 0.000000 0.000000 1.000000
0.137319 0.973011 0.185454 0.059900 -0.109786 -0.171123 0.979114 0.654700 0.984424 -0.154811 0.083325 0.179400 0.000000 0.000000 0.000000 1.000000</float_array><technique_common><accessor source="#shoulder.L-Matrix-animation-output-transform-array" count="21" stride="16"><param type="float4x4"/></accessor></technique_common></source><source id="shoulder.L-Interpolations"><Name_array id="shoulder.L-Interpolations-array" count="21">
 LINEAR LINEAR LINEAR LINEAR LINEAR LINEAR LINEAR LINEAR LINEAR LINEAR LINEAR
LINEAR LINEAR LINEAR LINEAR LINEAR LINEAR LINEAR LINEAR LINEAR LINEAR</Name_array><technique_common><accessor source="#shoulder.L-Interpolations-array" count="21"><param type="name"/></accessor></technique_common></source><sampler id="shoulder.L-Matrix-animation-transform"><input semantic="INPUT" source="#shoulder.L-Matrix-animation-input"/><input semantic="OUTPUT" source="#shoulder.L-Matrix-animation-output-transform"/><input semantic="INTERPOLATION" source="#shoulder.L-Interpolations"/></sampler><channel source="#shoulder.L-Matrix-animation-transform" target="shoulder.L/matrix"/></animation>
    <animation id="upper_arm.L-anim" name="upper_arm.L"><source id="upper_arm.L-Matrix-animation-input"><float_array id="upper_arm.L-Matrix-animation-input-array" count="21">

0.000000 0.033333 0.066667 0.100000 0.133333 0.166667 0.200000 0.233333 0.266667 0.300000 0.333333 0.366667 0.400000 0.433333 0.466667 0.500000
0.533333 0.566667 0.600000 0.633333 0.666667</float_array><technique_common><accessor source="#upper_arm.L-Matrix-animation-input-array" count="21"><param name="TIME" type="float"/></accessor></technique_common></source><source id="upper_arm.L-Matrix-animation-output-transform"><float_array id="upper_arm.L-Matrix-animation-output-transform-array" count="336">

-0.346356 -0.225770 0.910530 -0.000000 -0.785959 0.599741 -0.150262 0.578400 -0.512157 -0.767684 -0.385170 0.000000 0.000000 0.000000 0.000000 1.000000
-0.313779 -0.223441 0.922831 -0.000000 -0.845072 0.508835 -0.164137 0.578400 -0.432894 -0.831361 -0.348485 0.000000 0.000000 0.000000 0.000000 1.000000
-0.256312 -0.286352 0.923205 0.000000 -0.881292 0.461540 -0.101519 0.578400 -0.397025 -0.839633 -0.370658 0.000000 0.000000 0.000000 0.000000 1.000000
-0.179516 -0.348121 0.920101 0.000000 -0.888108 0.459634 0.000629 0.578400 -0.423129 -0.817036 -0.391681 -0.000000 0.000000 0.000000 0.000000 1.000000
-0.115096 -0.364954 0.923884 0.000000 -0.871163 0.483986 0.082657 0.578400 -0.477313 -0.795340 -0.373640 0.000000 0.000000 0.000000 0.000000 1.000000
-0.096094 -0.334237 0.937577 -0.000000 -0.855604 0.509064 0.093784 0.578400 -0.508633 -0.793183 -0.334893 0.000000 0.000000 0.000000 0.000000 1.000000
-0.124705 -0.281419 0.951447 -0.000000 -0.853445 0.519504 0.041799 0.578400 -0.506044 -0.806796 -0.304960 0.000000 0.000000 0.000000 0.000000 1.000000
-0.171032 -0.211463 0.962305 -0.000000 -0.848348 0.528301 -0.034686 0.578400 -0.501053 -0.822302 -0.269751 0.000000 0.000000 0.000000 0.000000 1.000000
-0.201694 -0.108696 0.973398 -0.000000 -0.823741 0.556479 -0.108544 0.578400 -0.529877 -0.823721 -0.201776 -0.000000 0.000000 0.000000 0.000000 1.000000
-0.197812 0.037058 0.979539 0.000000 -0.778331 0.601518 -0.179936 0.578400 -0.595879 -0.797999 -0.090144 0.000000 0.000000 0.000000 0.000000 1.000000
-0.159296 0.204886 0.965736 0.000000 -0.724766 0.639944 -0.255316 0.578400 -0.670328 -0.740603 0.046554 0.000000 0.000000 0.000000 0.000000 1.000000
-0.096361 0.337298 0.936453 -0.000000 -0.682153 0.662754 -0.308909 0.578400 -0.724833 -0.668571 0.166225 0.000000 0.000000 0.000000 0.000000 1.000000
-0.005784 0.383111 0.923684 0.000000 -0.660411 0.692138 -0.291210 0.578400 -0.750882 -0.611695 0.249007 -0.000000 0.000000 0.000000 0.000000 1.000000
0.127521 0.326028 0.936720 0.000000 -0.650252 0.740625 -0.169253 0.578400 -0.748939 -0.587521 0.306446 0.000000 0.000000 0.000000 0.000000 1.000000
0.281036 0.208166 0.936849 0.000000 -0.633404 0.773609 0.018115 0.578400 -0.720984 -0.598495 0.349265 0.000000 0.000000 0.000000 0.000000 1.000000
0.369867 0.108678 0.922707 -0.000000 -0.615048 0.773005 0.155496 0.578400 -0.696358 -0.625022 0.352751 0.000000 0.000000 0.000000 0.000000 1.000000
0.307516 0.054165 0.950000 0.000000 -0.622977 0.766122 0.157978 0.578400 -0.719259 -0.640409 0.269338 -0.000000 0.000000 0.000000 0.000000 1.000000
0.082295 0.023722 0.996326 0.000000 -0.657312 0.752740 0.036371 0.578400 -0.749112 -0.657890 0.077539 0.000000 0.000000 0.000000 0.000000 1.000000
-0.182399 -0.017805 0.983063 0.000000 -0.690438 0.714164 -0.115170 0.578400 -0.700018 -0.699752 -0.142556 0.000000 0.000000 0.000000 0.000000 1.000000
-0.337398 -0.102398 0.935776 0.000000 -0.726847 0.660040 -0.189842 0.578400 -0.598210 -0.744219 -0.297124 0.000000 0.000000 0.000000 0.000000 1.000000
-0.346356 -0.225770 0.910530 0.000000 -0.785959 0.599741 -0.150262 0.578400 -0.512157 -0.767684 -0.385170 0.000000 0.000000 0.000000 0.000000 1.000000</float_array><technique_common><accessor source="#upper_arm.L-Matrix-animation-output-transform-array" count="21" stride="16"><param type="float4x4"/></accessor></technique_common></source><source id="upper_arm.L-Interpolations"><Name_array id="upper_arm.L-Interpolations-array" count="21">
 LINEAR LINEAR LINEAR LINEAR LINEAR LINEAR LINEAR LINEAR LINEAR LINEAR LINEAR
LINEAR LINEAR LINEAR LINEAR LINEAR LINEAR LINEAR LINEAR LINEAR LINEAR</Name_array><technique_common><accessor source="#upper_arm.L-Interpolations-array" count="21"><param type="name"/></accessor></technique_common></source><sampler id="upper_arm.L-Matrix-animation-transform"><input semantic="INPUT" source="#upper_arm.L-Matrix-animation-input"/><input semantic="OUTPUT" source="#upper_arm.L-Matrix-animation-output-transform"/><input semantic="INTERPOLATION" source="#upper_arm.L-Interpolations"/></sampler><channel source="#upper_arm.L-Matrix-animation-transform" target="upper_arm.L/matrix"/></animation>
    <animation id="forearm.L-anim" name="forearm.L"><source id="forearm.L-Matrix-animation-input"><float_array id="forearm.L-Matrix-animation-input-array" count="21">

0.000000 0.033333 0.066667 0.100000 0.133333 0.166667 0.200000 0.233333 0.266667 0.300000 0.333333 0.366667 0.400000 0.433333 0.466667 0.500000
0.533333 0.566667 0.600000 0.633333 0.666667</float_array><technique_common><accessor source="#forearm.L-Matrix-animation-input-array" count="21"><param name="TIME" type="float"/></accessor></technique_common></source><source id="forearm.L-Matrix-animation-output-transform"><float_array id="forearm.L-Matrix-animation-output-transform-array" count="336">

1.000000 -0.000188 -0.000584 0.000000 -0.000577 0.033004 -0.999455 0.932700 0.000207 0.999455 0.033004 -0.000000 0.000000 0.000000 0.000000 1.000000
1.000000 -0.000147 -0.000696 0.000000 -0.000451 0.626449 -0.779462 0.932700 0.000551 0.779462 0.626449 -0.000000 0.000000 0.000000 0.000000 1.000000
1.000000 -0.000091 -0.000743 0.000000 -0.000280 0.875067 -0.484002 0.932700 0.000694 0.484002 0.875066 0.000000 0.000000 0.000000 0.000000 1.000000
1.000000 -0.000063 -0.000756 -0.000000 -0.000193 0.942745 -0.333516 0.932700 0.000733 0.333516 0.942744 0.000000 0.000000 0.000000 0.000000 1.000000
1.000000 -0.000053 -0.000759 -0.000000 -0.000162 0.959827 -0.280591 0.932700 0.000743 0.280591 0.959827 0.000000 0.000000 0.000000 0.000000 1.000000
