<?xml version="1.0" encoding="utf-8"?>
<COLLADA xmlns="http://www.collada.org/2005/11/COLLADASchema" version="1.4.1">
  <asset><contributor><author>Mixamo</author><authoring_tool>COLLADA Mixamo exporter</authoring_tool><comments></comments></contributor><created>2016-01-22T15:41:54Z</created><modified>2016-01-22T15:41:54Z</modified><revision></revision><title></title><unit meter="0.010000"/><up_axis>Y_UP</up_axis></asset>
  <library_animations>
    <animation id="free3dmodel_skeleton-anim" name="free3dmodel_skeleton"><source id="free3dmodel_skeleton-Matrix-animation-input"><float_array id="free3dmodel_skeleton-Matrix-animation-input-array" count="32">

0.000000 0.033333 0.066667 0.100000 0.133333 0.166667 0.200000 0.233333 0.266667 0.300000 0.333333 0.366667 0.400000 0.433333 0.466667 0.500000
0.533333 0.566667 0.600000 0.633333 0.666667 0.700000 0.733333 0.766667 0.800000 0.833333 0.866667 0.900000 0.933333 0.966667 1.000000 1.033333</float_array><technique_common><accessor source="#free3dmodel_skeleton-Matrix-animation-input-array" count="32"><param name="TIME" type="float"/></accessor></technique_common></source><source id="free3dmodel_skeleton-Matrix-animation-output-transform"><float_array id="free3dmodel_skeleton-Matrix-animation-output-transform-array" count="512">

40.373935 -90.498413 13.415764 -46.857979 -3.843559 12.973259 99.080380 -8.895721 -91.406632 -40.518291 1.759456 -6.516591 0.000000 0.000000 0.000000 1.000000
40.485395 -90.546187 12.740521 -27.659367 -1.581984 13.237791 99.107307 -6.542572 -91.424450 -40.325538 3.926945 -12.220037 0.000000 0.000000 0.000000 1.000000
41.084660 -90.247199 12.941941 -11.185991 -1.133925 13.688414 99.052216 -5.678192 -91.163397 -40.842018 4.600503 -13.344606 0.000000 0.000000 0.000000 1.000000
42.118852 -89.636597 13.830502 3.718056 -2.414310 14.135605 98.966438 -6.633575 -90.665172 -42.017438 3.789650 -9.909758 0.000000 0.000000 0.000000 1.000000
44.045958 -88.491013 15.142464 18.522057 -5.239907 14.304013 98.832882 -9.779846 -89.624199 -44.325340 1.663493 -2.463293 0.000000 0.000000 0.000000 1.000000
46.718625 -86.945738 16.056420 36.074677 -8.550535 13.632040 98.696787 -15.184479 -88.001468 -47.482692 -1.065624 6.946575 0.000000 0.000000 0.000000 1.000000
48.437635 -85.988299 16.118559 54.868881 -9.761277 12.997197 98.670109 -20.640747 -86.939709 -49.366844 -2.098021 10.771175 0.000000 0.000000 0.000000 1.000000
48.921294 -85.887376 15.167913 76.500862 -8.510811 12.606995 98.836379 -26.776215 -86.800191 -49.642948 -1.142207 7.669196 0.000000 0.000000 0.000000 1.000000
49.052664 -86.216374 12.671740 105.755005 -5.590098 11.398205 99.190885 -32.008789 -86.963135 -49.364135 0.771543 0.720503 0.000000 0.000000 0.000000 1.000000
48.823342 -86.623391 10.614588 134.661926 -2.733593 10.638842 99.394882 -33.005798 -87.228486 -48.818063 2.826307 -7.672621 0.000000 0.000000 0.000000 1.000000
48.613848 -86.791507 10.194515 157.329041 -0.940946 11.145234 99.372523 -35.142792 -87.383113 -48.404732 4.601466 -15.163713 0.000000 0.000000 0.000000 1.000000
48.708849 -86.869909 9.003719 181.972382 1.175660 10.960638 99.390554 -34.099731 -87.327349 -48.306142 6.360095 -22.414314 0.000000 0.000000 0.000000 1.000000
49.385291 -86.639443 7.395948 207.433838 3.118911 10.265007 99.422845 -30.768402 -86.898593 -48.869588 7.771611 -28.176762 0.000000 0.000000 0.000000 1.000000
48.249317 -87.321248 6.855875 228.274887 3.600106 9.797673 99.453732 -25.866089 -87.515956 -47.738928 7.870968 -28.932890 0.000000 0.000000 0.000000 1.000000
45.639596 -88.734509 6.573754 248.265091 3.496163 9.170785 99.517202 -20.002655 -88.908965 -45.189420 7.287813 -26.758991 0.000000 0.000000 0.000000 1.000000
43.585649 -89.778396 6.334886 268.152069 3.068775 8.516991 99.589374 -14.698456 -89.949285 -43.212272 6.467283 -23.427097 0.000000 0.000000 0.000000 1.000000
41.684179 -90.649965 6.709183 285.790833 1.788989 8.197740 99.647361 -10.848358 -90.880299 -41.417158 5.038879 -17.953918 0.000000 0.000000 0.000000 1.000000
38.857717 -91.807612 7.838388 300.903076 0.193453 8.588160 99.630347 -9.299377 -92.141415 -38.698914 3.514767 -11.830954 0.000000 0.000000 0.000000 1.000000
35.290051 -93.130423 9.018678 316.094849 -0.217709 9.557076 99.542026 -9.982452 -93.565832 -35.148066 3.169944 -9.357399 0.000000 0.000000 0.000000 1.000000
30.420369 -94.778147 9.576219 333.636780 0.660059 10.262116 99.469861 -12.730286 -95.258414 -30.195890 3.747365 -9.979114 0.000000 0.000000 0.000000 1.000000
22.988458 -96.857967 9.490256 354.709442 2.657051 10.372417 99.425113 -18.700989 -97.285512 -22.604139 4.958024 -12.909830 0.000000 0.000000 0.000000 1.000000
15.341840 -98.379533 9.278763 376.349609 5.070551 10.161315 99.353094 -25.236298 -98.685954 -14.772108 6.547317 -17.614492 0.000000 0.000000 0.000000 1.000000
10.331901 -99.017308 9.424676 395.680176 6.247876 10.102752 99.291986 -31.036713 -99.268403 -9.669908 7.230285 -20.028608 0.000000 0.000000 0.000000 1.000000
9.710516 -99.022704 10.010489 414.166321 5.054361 10.535678 99.314918 -36.326294 -99.398991 -9.138025 6.028034 -16.451580 0.000000 0.000000 0.000000 1.000000
12.362269 -98.653661 10.706515 432.247498 1.564136 10.981655 99.382879 -37.844360 -99.220602 -12.118514 2.900659 -6.319196 0.000000 0.000000 0.000000 1.000000
17.334074 -97.783692 11.742212 449.431335 -3.241700 11.349753 99.300929 -36.540070 -98.432826 -17.593543 -1.202479 6.611416 0.000000 0.000000 0.000000 1.000000
22.911101 -96.513074 12.661280 466.804169 -6.943726 11.353660 99.110439 -32.703308 -97.092050 -23.586457 -4.100355 15.635246 0.000000 0.000000 0.000000 1.000000
28.283979 -94.999665 13.231787 484.019348 -8.820610 11.160465 98.983033 -27.572083 -95.510279 -29.163464 -5.222926 19.467087 0.000000 0.000000 0.000000 1.000000
32.393143 -93.601075 13.766740 499.770569 -10.171701 11.021343 98.868936 -22.767975 -94.059666 -33.427067 -5.950662 21.592867 0.000000 0.000000 0.000000 1.000000
35.875888 -92.345384 13.610683 517.892212 -8.615662 11.243123 98.991730 -18.353790 -92.944559 -36.686813 -3.922595 13.824379 0.000000 0.000000 0.000000 1.000000
38.911182 -91.151301 13.317670 536.821838 -6.086039 11.881692 99.104922 -13.446198 -91.917790 -39.373415 -0.924197 2.860761 0.000000 0.000000 0.000000 1.000000
40.373934 -90.498417 13.415738 554.006653 -3.843439 12.973284 99.080381 -8.895569 -91.406638 -40.518273 1.759574 -6.516975 0.000000 0.000000 0.000000 1.000000</float_array><technique_common><accessor source="#free3dmodel_skeleton-Matrix-animation-output-transform-array" count="32" stride="16"><param type="float4x4"/></accessor></technique_common></source><source id="free3dmodel_skeleton-Interpolations"><Name_array id="free3dmodel_skeleton-Interpolations-array" count="32">
 LINEAR LINEAR LINEAR LINEAR LINEAR LINEAR LINEAR LINEAR LINEAR LINEAR LINEAR
LINEAR LINEAR LINEAR LINEAR LINEAR LINEAR LINEAR LINEAR LINEAR LINEAR LINEAR LINEAR
LINEAR LINEAR LINEAR LINEAR LINEAR LINEAR LINEAR LINEAR LINEAR</Name_array><technique_common><accessor source="#free3dmodel_skeleton-Interpolations-array" count="32"><param type="name"/></accessor></technique_common></source><sampler id="free3dmodel_skeleton-Matrix-animation-transform"><input semantic="INPUT" source="#free3dmodel_skeleton-Matrix-animation-input"/><input semantic="OUTPUT" source="#free3dmodel_skeleton-Matrix-animation-output-transform"/><input semantic="INTERPOLATION" source="#free3dmodel_skeleton-Interpolations"/></sampler><channel source="#free3dmodel_skeleton-Matrix-animation-transform" target="free3dmodel_skeleton/matrix"/></animation>
    <animation id="hips-anim" name="hips"><source id="hips-Matrix-animation-input"><float_array id="hips-Matrix-animation-input-array" count="32">

0.000000 0.033333 0.066667 0.100000 0.133333 0.166667 0.200000 0.233333 0.266667 0.300000 0.333333 0.366667 0.400000 0.433333 0.466667 0.500000
0.533333 0.566667 0.600000 0.633333 0.666667 0.700000 0.733333 0.766667 0.800000 0.833333 0.866667 0.900000 0.933333 0.966667 1.000000 1.033333</float_array><technique_common><accessor source="#hips-Matrix-animation-input-array" count="32"><param name="TIME" type="float"/></accessor></technique_common></source><source id="hips-Matrix-animation-output-transform"><float_array id="hips-Matrix-animation-output-transform-array" count="512">

1.000000 -0.000000 0.000000 0.000000 0.000000 0.000234 -1.000000 0.052000 -0.000000 1.000000 0.000234 3.016600 0.000000 0.000000 0.000000 1.000000
1.000000 -0.000000 0.000000 -0.000000 0.000000 0.000234 -1.000000 0.052000 0.000000 1.000000 0.000234 3.016600 0.000000 0.000000 0.000000 1.000000
1.000000 -0.000000 -0.000000 -0.000000 0.000000 0.000234 -1.000000 0.052000 -0.000000 1.000000 0.000234 3.016600 0.000000 0.000000 0.000000 1.000000
1.000000 -0.000000 0.000000 -0.000000 0.000000 0.000234 -1.000000 0.052000 -0.000000 1.000000 0.000234 3.016600 0.000000 0.000000 0.000000 1.000000
1.000000 0.000000 -0.000000 -0.000000 -0.000000 0.000234 -1.000000 0.052000 0.000000 1.000000 0.000234 3.016600 0.000000 0.000000 0.000000 1.000000
1.000000 0.000000 0.000000 0.000000 0.000000 0.000234 -1.000000 0.052000 0.000000 1.000000 0.000234 3.016600 0.000000 0.000000 0.000000 1.000000
1.000000 0.000000 0.000000 0.000000 0.000000 0.000234 -1.000000 0.052000 -0.000000 1.000000 0.000234 3.016600 0.000000 0.000000 0.000000 1.000000
1.000000 -0.000000 0.000000 0.000000 -0.000000 0.000234 -1.000000 0.052000 0.000000 1.000000 0.000234 3.016600 0.000000 0.000000 0.000000 1.000000
1.000000 0.000000 0.000000 0.000000 0.000000 0.000234 -1.000000 0.052000 0.000000 1.000000 0.000234 3.016600 0.000000 0.000000 0.000000 1.000000
1.000000 0.000000 -0.000000 0.000000 0.000000 0.000234 -1.000000 0.052000 -0.000000 1.000000 0.000234 3.016600 0.000000 0.000000 0.000000 1.000000
1.000000 -0.000000 -0.000000 -0.000000 -0.000000 0.000234 -1.000000 0.052000 0.000000 1.000000 0.000234 3.016600 0.000000 0.000000 0.000000 1.000000
1.000000 -0.000000 0.000000 0.000000 -0.000000 0.000234 -1.000000 0.052000 0.000000 1.000000 0.000234 3.016600 0.000000 0.000000 0.000000 1.000000
1.000000 0.000000 0.000000 -0.000000 0.000000 0.000234 -1.000000 0.052000 -0.000000 1.000000 0.000234 3.016600 0.000000 0.000000 0.000000 1.000000
1.000000 0.000000 0.000000 -0.000000 -0.000000 0.000234 -1.000000 0.052000 0.000000 1.000000 0.000234 3.016600 0.000000 0.000000 0.000000 1.000000
1.000000 0.000000 0.000000 0.000000 0.000000 0.000234 -1.000000 0.052000 0.000000 1.000000 0.000234 3.016600 0.000000 0.000000 0.000000 1.000000
1.000000 -0.000000 0.000000 0.000000 -0.000000 0.000234 -1.000000 0.052000 0.000000 1.000000 0.000234 3.016600 0.000000 0.000000 0.000000 1.000000
1.000000 0.000000 0.000000 0.000000 0.000000 0.000234 -1.000000 0.052000 0.000000 1.000000 0.000234 3.016600 0.000000 0.000000 0.000000 1.000000
1.000000 0.000000 -0.000000 0.000000 0.000000 0.000234 -1.000000 0.052000 0.000000 1.000000 0.000234 3.016600 0.000000 0.000000 0.000000 1.000000
1.000000 0.000000 -0.000000 0.000000 0.000000 0.000234 -1.000000 0.052000 0.000000 1.000000 0.000234 3.016600 0.000000 0.000000 0.000000 1.000000
1.000000 -0.000000 -0.000000 0.000000 -0.000000 0.000234 -1.000000 0.052000 -0.000000 1.000000 0.000234 3.016600 0.000000 0.000000 0.000000 1.000000
1.000000 -0.000000 0.000000 -0.000000 0.000000 0.000234 -1.000000 0.052000 0.000000 1.000000 0.000234 3.016600 0.000000 0.000000 0.000000 1.000000
1.000000 -0.000000 -0.000000 0.000000 -0.000000 0.000234 -1.000000 0.052000 -0.000000 1.000000 0.000234 3.016600 0.000000 0.000000 0.000000 1.000000
1.000000 -0.000000 0.000000 0.000000 0.000000 0.000234 -1.000000 0.052000 0.000000 1.000000 0.000234 3.016600 0.000000 0.000000 0.000000 1.000000
1.000000 0.000000 0.000000 0.000000 0.000000 0.000234 -1.000000 0.052000 -0.000000 1.000000 0.000234 3.016600 0.000000 0.000000 0.000000 1.000000
1.000000 0.000000 0.000000 -0.000000 -0.000000 0.000234 -1.000000 0.052000 0.000000 1.000000 0.000234 3.016600 0.000000 0.000000 0.000000 1.000000
1.000000 0.000000 0.000000 -0.000000 -0.000000 0.000234 -1.000000 0.052000 -0.000000 1.000000 0.000234 3.016600 0.000000 0.000000 0.000000 1.000000
1.000000 0.000000 0.000000 0.000000 0.000000 0.000234 -1.000000 0.052000 -0.000000 1.000000 0.000234 3.016600 0.000000 0.000000 0.000000 1.000000
1.000000 0.000000 0.000000 0.000000 0.000000 0.000234 -1.000000 0.052000 -0.000000 1.000000 0.000234 3.016600 0.000000 0.000000 0.000000 1.000000
1.000000 0.000000 0.000000 -0.000000 -0.000000 0.000234 -1.000000 0.052000 0.000000 1.000000 0.000234 3.016600 0.000000 0.000000 0.000000 1.000000
1.000000 -0.000000 0.000000 -0.000000 -0.000000 0.000234 -1.000000 0.052000 0.000000 1.000000 0.000234 3.016600 0.000000 0.000000 0.000000 1.000000
1.000000 0.000000 0.000000 0.000000 -0.000000 0.000234 -1.000000 0.052000 0.000000 1.000000 0.000234 3.016600 0.000000 0.000000 0.000000 1.000000
1.000000 0.000000 0.000000 0.000000 0.000000 0.000234 -1.000000 0.052000 -0.000000 1.000000 0.000234 3.016600 0.000000 0.000000 0.000000 1.000000</float_array><technique_common><accessor source="#hips-Matrix-animation-output-transform-array" count="32" stride="16"><param type="float4x4"/></accessor></technique_common></source><source id="hips-Interpolations"><Name_array id="hips-Interpolations-array" count="32">
 LINEAR LINEAR LINEAR LINEAR LINEAR LINEAR LINEAR LINEAR LINEAR LINEAR LINEAR
LINEAR LINEAR LINEAR LINEAR LINEAR LINEAR LINEAR LINEAR LINEAR LINEAR LINEAR LINEAR
LINEAR LINEAR LINEAR LINEAR LINEAR LINEAR LINEAR LINEAR LINEAR</Name_array><technique_common><accessor source="#hips-Interpolations-array" count="32"><param type="name"/></accessor></technique_common></source><sampler id="hips-Matrix-animation-transform"><input semantic="INPUT" source="#hips-Matrix-animation-input"/><input semantic="OUTPUT" source="#hips-Matrix-animation-output-transform"/><input semantic="INTERPOLATION" source="#hips-Interpolations"/></sampler><channel source="#hips-Matrix-animation-transform" target="hips/matrix"/></animation>
    <animation id="abdomen-anim" name="abdomen"><source id="abdomen-Matrix-animation-input"><float_array id="abdomen-Matrix-animation-input-array" count="32">

0.000000 0.033333 0.066667 0.100000 0.133333 0.166667 0.200000 0.233333 0.266667 0.300000 0.333333 0.366667 0.400000 0.433333 0.466667 0.500000
0.533333 0.566667 0.600000 0.633333 0.666667 0.700000 0.733333 0.766667 0.800000 0.833333 0.866667 0.900000 0.933333 0.966667 1.000000 1.033333</float_array><technique_common><accessor source="#abdomen-Matrix-animation-input-array" count="32"><param name="TIME" type="float"/></accessor></technique_common></source><source id="abdomen-Matrix-animation-output-transform"><float_array id="abdomen-Matrix-animation-output-transform-array" count="512">

0.990619 -0.040679 -0.130461 0.000000 0.025332 0.992784 -0.117212 0.491500 0.134288 0.112808 0.984500 0.000000 0.000000 0.000000 0.000000 1.000000
0.992045 -0.011273 -0.125381 0.000000 -0.003091 0.993500 -0.113788 0.491500 0.125849 0.113271 0.985562 0.000000 0.000000 0.000000 0.000000 1.000000
0.993594 -0.001546 -0.112998 0.000000 -0.011230 0.993607 -0.112338 0.491500 0.112449 0.112887 0.987224 0.000000 0.000000 0.000000 0.000000 1.000000
0.995628 -0.011366 -0.092715 0.000000 0.000987 0.993795 -0.111224 0.491500 0.093403 0.110646 0.989461 -0.000000 0.000000 0.000000 0.000000 1.000000
0.997388 -0.035915 -0.062666 0.000000 0.028979 0.993698 -0.108280 0.491500 0.066160 0.106181 0.992143 0.000000 0.000000 0.000000 0.000000 1.000000
0.997702 -0.059950 -0.031572 0.000000 0.056284 0.992729 -0.106403 0.491500 0.037721 0.104381 0.993822 0.000000 0.000000 0.000000 0.000000 1.000000
0.998176 -0.057865 -0.017236 -0.000000 0.055664 0.992530 -0.108563 0.491500 0.023390 0.107405 0.993940 0.000000 0.000000 0.000000 0.000000 1.000000
0.999334 -0.032773 -0.016027 0.000000 0.030778 0.993234 -0.111975 0.491500 0.019588 0.111407 0.993582 -0.000000 0.000000 0.000000 0.000000 1.000000
0.999749 -0.001732 -0.022349 0.000000 -0.000844 0.993391 -0.114779 0.491500 0.022400 0.114769 0.993140 0.000000 0.000000 0.000000 0.000000 1.000000
0.999184 0.016839 -0.036707 -0.000000 -0.020734 0.993888 -0.108428 0.491500 0.034657 0.109101 0.993426 0.000000 0.000000 0.000000 0.000000 1.000000
0.998502 0.031785 -0.044532 -0.000000 -0.036194 0.994128 -0.101977 0.491500 0.041030 0.103436 0.993789 0.000000 0.000000 0.000000 0.000000 1.000000
0.997607 0.047751 -0.049997 0.000000 -0.052764 0.993146 -0.104294 0.491500 0.044674 0.106682 0.993289 0.000000 0.000000 0.000000 0.000000 1.000000
0.996571 0.059736 -0.057251 0.000000 -0.065658 0.991995 -0.107867 0.491500 0.050350 0.111256 0.992516 -0.000000 0.000000 0.000000 0.000000 1.000000
0.995769 0.052903 -0.075135 0.000000 -0.060903 0.992228 -0.108511 0.491500 0.068810 0.112628 0.991252 0.000000 0.000000 0.000000 0.000000 1.000000
0.994604 0.038383 -0.096379 -0.000000 -0.048915 0.992792 -0.109414 0.491500 0.091484 0.113538 0.989313 0.000000 0.000000 0.000000 0.000000 1.000000
0.993662 0.024266 -0.109759 0.000000 -0.036474 0.993193 -0.110626 0.491500 0.106328 0.113928 0.987783 0.000000 0.000000 0.000000 0.000000 1.000000
0.992705 0.004633 -0.120483 0.000000 -0.018298 0.993477 -0.112559 0.491500 0.119176 0.113942 0.986313 0.000000 0.000000 0.000000 0.000000 1.000000
0.990180 -0.017588 -0.138687 -0.000000 0.001853 0.993618 -0.112779 0.491500 0.139786 0.111415 0.983894 0.000000 0.000000 0.000000 0.000000 1.000000
0.985468 -0.026768 -0.167739 0.000000 0.008581 0.994090 -0.108220 0.491500 0.169645 0.105207 0.979874 0.000000 0.000000 0.000000 0.000000 1.000000
0.977361 -0.026287 -0.209940 -0.000000 0.004617 0.994666 -0.103048 0.491500 0.211529 0.099746 0.972269 0.000000 0.000000 0.000000 0.000000 1.000000
0.962217 -0.024090 -0.271216 0.000000 -0.001828 0.995485 -0.094905 0.491500 0.272278 0.091814 0.957828 0.000000 0.000000 0.000000 0.000000 1.000000
0.944421 -0.019503 -0.328158 -0.000000 -0.010507 0.995938 -0.089427 0.491500 0.328569 0.087905 0.940380 0.000000 0.000000 0.000000 0.000000 1.000000
0.931080 -0.022844 -0.364099 0.000000 -0.012117 0.995551 -0.093447 0.491500 0.364614 0.091418 0.926660 0.000000 0.000000 0.000000 0.000000 1.000000
0.928820 -0.040366 -0.368325 -0.000000 0.005052 0.995335 -0.096342 0.491500 0.370496 0.087623 0.924692 0.000000 0.000000 0.000000 0.000000 1.000000
0.933660 -0.072094 -0.350831 0.000000 0.038338 0.994021 -0.102236 0.491500 0.356104 0.082004 0.930841 0.000000 0.000000 0.000000 0.000000 1.000000
0.939056 -0.116066 -0.323579 0.000000 0.082361 0.989825 -0.116028 0.491500 0.333754 0.082306 0.939060 0.000000 0.000000 0.000000 0.000000 1.000000
0.946098 -0.144099 -0.290058 0.000000 0.111910 0.985857 -0.124745 0.491500 0.303932 0.085560 0.948844 0.000000 0.000000 0.000000 0.000000 1.000000
0.960615 -0.141055 -0.239421 -0.000000 0.112800 0.985347 -0.127937 0.491500 0.253959 0.095892 0.962450 0.000000 0.000000 0.000000 0.000000 1.000000
0.971802 -0.136265 -0.192437 -0.000000 0.112478 0.985168 -0.129588 0.491500 0.207241 0.104289 0.972715 -0.000000 0.000000 0.000000 0.000000 1.000000
0.980310 -0.110037 -0.163963 0.000000 0.089568 0.987798 -0.127407 0.491500 0.175982 0.110213 0.978204 0.000000 0.000000 0.000000 0.000000 1.000000
0.987115 -0.074282 -0.141727 0.000000 0.057007 0.990857 -0.122279 0.491500 0.149515 0.112624 0.982324 0.000000 0.000000 0.000000 0.000000 1.000000
0.990619 -0.040678 -0.130460 -0.000000 0.025331 0.992784 -0.117212 0.491500 0.134287 0.112808 0.984501 0.000000 0.000000 0.000000 0.000000 1.000000</float_array><technique_common><accessor source="#abdomen-Matrix-animation-output-transform-array" count="32" stride="16"><param type="float4x4"/></accessor></technique_common></source><source id="abdomen-Interpolations"><Name_array id="abdomen-Interpolations-array" count="32">
 LINEAR LINEAR LINEAR LINEAR LINEAR LINEAR LINEAR LINEAR LINEAR LINEAR LINEAR
LINEAR LINEAR LINEAR LINEAR LINEAR LINEAR LINEAR LINEAR LINEAR LINEAR LINEAR LINEAR
LINEAR LINEAR LINEAR LINEAR LINEAR LINEAR LINEAR LINEAR LINEAR</Name_array><technique_common><accessor source="#abdomen-Interpolations-array" count="32"><param type="name"/></accessor></technique_common></source><sampler id="abdomen-Matrix-animation-transform"><input semantic="INPUT" source="#abdomen-Matrix-animation-input"/><input semantic="OUTPUT" source="#abdomen-Matrix-animation-output-transform"/><input semantic="INTERPOLATION" source="#abdomen-Interpolations"/></sampler><channel source="#abdomen-Matrix-animation-transform" target="abdomen/matrix"/></animation>
    <animation id="abdomen2-anim" name="abdomen2"><source id="abdomen2-Matrix-animation-input"><float_array id="abdomen2-Matrix-animation-input-array" count="32">

0.000000 0.033333 0.066667 0.100000 0.133333 0.166667 0.200000 0.233333 0.266667 0.300000 0.333333 0.366667 0.400000 0.433333 0.466667 0.500000
0.533333 0.566667 0.600000 0.633333 0.666667 0.700000 0.733333 0.766667 0.800000 0.833333 0.866667 0.900000 0.933333 0.966667 1.000000 1.033333</float_array><technique_common><accessor source="#abdomen2-Matrix-animation-input-array" count="32"><param name="TIME" type="float"/></accessor></technique_common></source><source id="abdomen2-Matrix-animation-output-transform"><float_array id="abdomen2-Matrix-animation-output-transform-array" count="512">

0.995735 -0.004588 -0.092149 -0.000000 0.020293 0.985196 0.170228 0.263800 0.090004 -0.171372 0.981087 0.000000 0.000000 0.000000 0.000000 1.000000
0.996380 0.003168 -0.084953 0.000000 0.011415 0.985271 0.170620 0.263800 0.084242 -0.170972 0.981668 -0.000000 0.000000 0.000000 0.000000 1.000000
0.996740 0.007823 -0.080301 -0.000000 0.006055 0.985229 0.171136 0.263800 0.080454 -0.171065 0.981969 0.000000 0.000000 0.000000 0.000000 1.000000
0.997024 0.007606 -0.076715 -0.000000 0.005788 0.984927 0.172875 0.263800 0.076874 -0.172804 0.981952 0.000000 0.000000 0.000000 0.000000 1.000000
0.997469 0.000766 -0.071098 -0.000000 0.011869 0.984117 0.177122 0.263800 0.070105 -0.177517 0.981618 -0.000000 0.000000 0.000000 0.000000 1.000000
0.997889 -0.007892 -0.064468 0.000000 0.019407 0.983474 0.180004 0.263800 0.061982 -0.180875 0.981551 -0.000000 0.000000 0.000000 0.000000 1.000000
0.998211 -0.010993 -0.058771 -0.000000 0.021330 0.983748 0.178281 0.263800 0.055856 -0.179216 0.982223 -0.000000 0.000000 0.000000 0.000000 1.000000
0.998463 -0.005346 -0.055159 0.000000 0.014944 0.984438 0.175096 0.263800 0.053364 -0.175651 0.983005 0.000000 0.000000 0.000000 0.000000 1.000000
0.998544 0.005476 -0.053664 0.000000 0.003836 0.985108 0.171893 0.263800 0.053807 -0.171848 0.983653 0.000000 0.000000 0.000000 0.000000 1.000000
0.998388 0.011819 -0.055518 0.000000 -0.001966 0.984696 0.174272 0.263800 0.056728 -0.173882 0.983131 0.000000 0.000000 0.000000 0.000000 1.000000
0.998117 0.018610 -0.058452 0.000000 -0.007978 0.984157 0.177118 0.263800 0.060822 -0.176319 0.982452 0.000000 0.000000 0.000000 0.000000 1.000000
0.998006 0.029047 -0.056044 0.000000 -0.018818 0.984372 0.175094 0.263800 0.060254 -0.173690 0.982955 0.000000 0.000000 0.000000 0.000000 1.000000
0.997952 0.035775 -0.053027 0.000000 -0.026110 0.984596 0.172882 0.263800 0.058395 -0.171143 0.983514 0.000000 0.000000 0.000000 0.000000 1.000000
0.997629 0.032983 -0.060401 0.000000 -0.022094 0.984709 0.172798 0.263800 0.065177 -0.171054 0.983104 0.000000 0.000000 0.000000 0.000000 1.000000
0.997082 0.028423 -0.070853 -0.000000 -0.015786 0.984811 0.172912 0.263800 0.074691 -0.171289 0.982386 0.000000 0.000000 0.000000 0.000000 1.000000
0.996857 0.023848 -0.075544 -0.000000 -0.010468 0.984902 0.172793 0.263800 0.078525 -0.171460 0.982057 0.000000 0.000000 0.000000 0.000000 1.000000
0.996721 0.016759 -0.079161 0.000000 -0.002902 0.985090 0.172017 0.263800 0.080863 -0.171223 0.981908 -0.000000 0.000000 0.000000 0.000000 1.000000
0.996260 0.008655 -0.085971 0.000000 0.006351 0.984946 0.172747 0.263800 0.086172 -0.172647 0.981207 -0.000000 0.000000 0.000000 0.000000 1.000000
0.995509 0.004460 -0.094557 0.000000 0.012353 0.984226 0.176482 0.263800 0.093853 -0.176858 0.979752 -0.000000 0.000000 0.000000 0.000000 1.000000
0.994654 0.006756 -0.103044 0.000000 0.012096 0.983365 0.181240 0.263800 0.102555 -0.181517 0.978026 0.000000 0.000000 0.000000 0.000000 1.000000
0.993658 0.012310 -0.111766 0.000000 0.008824 0.982387 0.186648 0.263800 0.112095 -0.186450 0.976049 0.000000 0.000000 0.000000 0.000000 1.000000
0.992599 0.017565 -0.120159 0.000000 0.005643 0.981743 0.190129 0.263800 0.121305 -0.189400 0.974378 0.000000 0.000000 0.000000 0.000000 1.000000
0.991976 0.017913 -0.125149 0.000000 0.005995 0.982133 0.188092 0.263800 0.126282 -0.187333 0.974145 0.000000 0.000000 0.000000 0.000000 1.000000
0.991750 0.011111 -0.127702 -0.000000 0.012844 0.982610 0.185236 0.263800 0.127539 -0.185348 0.974361 0.000000 0.000000 0.000000 0.000000 1.000000
0.991757 0.000263 -0.128135 -0.000000 0.023746 0.982299 0.185808 0.263800 0.125916 -0.187319 0.974195 0.000000 0.000000 0.000000 0.000000 1.000000
0.992150 -0.012613 -0.124416 0.000000 0.035329 0.982644 0.182105 0.263800 0.119960 -0.185071 0.975376 0.000000 0.000000 0.000000 0.000000 1.000000
0.992071 -0.021683 -0.123792 -0.000000 0.043509 0.983350 0.176438 0.263800 0.117905 -0.180425 0.976496 -0.000000 0.000000 0.000000 0.000000 1.000000
0.991305 -0.024658 -0.129250 -0.000000 0.046931 0.983937 0.172237 0.263800 0.122927 -0.176805 0.976539 0.000000 0.000000 0.000000 0.000000 1.000000
0.991409 -0.024177 -0.128546 0.000000 0.046145 0.984229 0.170777 0.263800 0.122390 -0.175241 0.976889 0.000000 0.000000 0.000000 0.000000 1.000000
0.992893 -0.018772 -0.117522 -0.000000 0.038695 0.984750 0.169619 0.263800 0.112546 -0.172961 0.978477 -0.000000 0.000000 0.000000 0.000000 1.000000
0.994480 -0.012173 -0.104217 -0.000000 0.029838 0.985049 0.169672 0.263800 0.100593 -0.171845 0.979975 0.000000 0.000000 0.000000 0.000000 1.000000
0.995735 -0.004588 -0.092149 0.000000 0.020293 0.985196 0.170228 0.263800 0.090004 -0.171372 0.981087 -0.000000 0.000000 0.000000 0.000000 1.000000</float_array><technique_common><accessor source="#abdomen2-Matrix-animation-output-transform-array" count="32" stride="16"><param type="float4x4"/></accessor></technique_common></source><source id="abdomen2-Interpolations"><Name_array id="abdomen2-Interpolations-array" count="32">
 LINEAR LINEAR LINEAR LINEAR LINEAR LINEAR LINEAR LINEAR LINEAR LINEAR LINEAR
LINEAR LINEAR LINEAR LINEAR LINEAR LINEAR LINEAR LINEAR LINEAR LINEAR LINEAR LINEAR
LINEAR LINEAR LINEAR LINEAR LINEAR LINEAR LINEAR LINEAR LINEAR</Name_array><technique_common><accessor source="#abdomen2-Interpolations-array" count="32"><param type="name"/></accessor></technique_common></source><sampler id="abdomen2-Matrix-animation-transform"><input semantic="INPUT" source="#abdomen2-Matrix-animation-input"/><input semantic="OUTPUT" source="#abdomen2-Matrix-animation-output-transform"/><input semantic="INTERPOLATION" source="#abdomen2-Interpolations"/></sampler><channel source="#abdomen2-Matrix-animation-transform" target="abdomen2/matrix"/></animation>
    <animation id="chest-anim" name="chest"><source id="chest-Matrix-animation-input"><float_array id="chest-Matrix-animation-input-array" count="32">

0.000000 0.033333 0.066667 0.100000 0.133333 0.166667 0.200000 0.233333 0.266667 0.300000 0.333333 0.366667 0.400000 0.433333 0.466667 0.500000
0.533333 0.566667 0.600000 0.633333 0.666667 0.700000 0.733333 0.766667 0.800000 0.833333 0.866667 0.900000 0.933333 0.966667 1.000000 1.033333</float_array><technique_common><accessor source="#chest-Matrix-animation-input-array" count="32"><param name="TIME" type="float"/></accessor></technique_common></source><source id="chest-Matrix-animation-output-transform"><float_array id="chest-Matrix-animation-output-transform-array" count="512">

0.995699 -0.022754 -0.089807 -0.000000 -0.002634 0.962025 -0.272948 0.460500 0.092607 0.272010 0.957828 -0.000000 0.000000 0.000000 0.000000 1.000000
0.996337 -0.013664 -0.084417 -0.000000 -0.009904 0.962071 -0.272618 0.460500 0.084940 0.272455 0.958412 0.000000 0.000000 0.000000 0.000000 1.000000
0.996702 -0.008070 -0.080749 0.000000 -0.014266 0.962123 -0.272242 0.460500 0.079887 0.272496 0.958835 -0.000000 0.000000 0.000000 0.000000 1.000000
0.997005 -0.007542 -0.076969 -0.000000 -0.013626 0.962535 -0.270815 0.460500 0.076128 0.271052 0.959549 0.000000 0.000000 0.000000 0.000000 1.000000
0.997481 -0.013269 -0.069676 0.000000 -0.005841 0.963642 -0.267134 0.460500 0.070688 0.266868 0.961137 0.000000 0.000000 0.000000 0.000000 1.000000
0.997921 -0.020645 -0.061050 0.000000 0.003757 0.964325 -0.264696 0.460500 0.064336 0.263917 0.962397 0.000000 0.000000 0.000000 0.000000 1.000000
0.998238 -0.022557 -0.054888 0.000000 0.007132 0.963838 -0.266395 0.460500 0.058912 0.265534 0.962300 -0.000000 0.000000 0.000000 0.000000 1.000000
0.998470 -0.016216 -0.052856 -0.000000 0.001384 0.963050 -0.269321 0.460500 0.055270 0.268836 0.961599 -0.000000 0.000000 0.000000 0.000000 1.000000
0.998535 -0.005205 -0.053865 -0.000000 -0.009672 0.962170 -0.272278 0.460500 0.053245 0.272400 0.960710 0.000000 0.000000 0.000000 0.000000 1.000000
0.998374 0.000792 -0.056994 0.000000 -0.016170 0.962760 -0.269873 0.460500 0.054657 0.270356 0.961208 -0.000000 0.000000 0.000000 0.000000 1.000000
0.998082 0.007064 -0.061496 -0.000000 -0.023254 0.963489 -0.266737 0.460500 0.057366 0.267656 0.961805 0.000000 0.000000 0.000000 0.000000 1.000000
0.997958 0.017796 -0.061349 0.000000 -0.033674 0.962683 -0.268527 0.460500 0.054281 0.270044 0.961317 0.000000 0.000000 0.000000 0.000000 1.000000
0.997908 0.024896 -0.059669 0.000000 -0.040185 0.961813 -0.270742 0.460500 0.050650 0.272573 0.960801 -0.000000 0.000000 0.000000 0.000000 1.000000
0.997596 0.020624 -0.066163 0.000000 -0.037846 0.961889 -0.270807 0.460500 0.058056 0.272660 0.960357 0.000000 0.000000 0.000000 0.000000 1.000000
0.997056 0.013978 -0.075388 0.000000 -0.033950 0.962085 -0.270630 0.460500 0.068746 0.272392 0.959727 0.000000 0.000000 0.000000 0.000000 1.000000
0.996831 0.008475 -0.079101 0.000000 -0.029666 0.962188 -0.270766 0.460500 0.073816 0.272255 0.959390 0.000000 0.000000 0.000000 0.000000 1.000000
0.996688 0.000816 -0.081315 -0.000000 -0.022932 0.962188 -0.271419 0.460500 0.078019 0.272385 0.959020 -0.000000 0.000000 0.000000 0.000000 1.000000
0.996217 -0.008516 -0.086485 0.000000 -0.015251 0.962611 -0.270458 0.460500 0.085555 0.270754 0.958839 -0.000000 0.000000 0.000000 0.000000 1.000000
0.995444 -0.014548 -0.094236 0.000000 -0.011125 0.963823 -0.266309 0.460500 0.094701 0.266144 0.959270 0.000000 0.000000 0.000000 0.000000 1.000000
0.994567 -0.014312 -0.103113 -0.000000 -0.013180 0.965222 -0.261100 0.460500 0.103264 0.261040 0.959789 -0.000000 0.000000 0.000000 0.000000 1.000000
0.993566 -0.011240 -0.112695 -0.000000 -0.018045 0.966638 -0.255508 0.460500 0.111808 0.255898 0.960216 0.000000 0.000000 0.000000 0.000000 1.000000
0.992504 -0.008242 -0.121934 0.000000 -0.022903 0.967504 -0.251818 0.460500 0.120047 0.252723 0.960062 0.000000 0.000000 0.000000 0.000000 1.000000
0.991876 -0.008665 -0.126911 -0.000000 -0.023992 0.967030 -0.253531 0.460500 0.124923 0.254516 0.958966 0.000000 0.000000 0.000000 0.000000 1.000000
0.991658 -0.015467 -0.127968 0.000000 -0.017996 0.966439 -0.256266 0.460500 0.127637 0.256431 0.958098 0.000000 0.000000 0.000000 0.000000 1.000000
0.991673 -0.025708 -0.126192 0.000000 -0.007465 0.966752 -0.255608 0.460500 0.128568 0.254422 0.958509 0.000000 0.000000 0.000000 0.000000 1.000000
0.992077 -0.036873 -0.120097 0.000000 0.004496 0.965766 -0.259378 0.460500 0.125549 0.256783 0.958280 0.000000 0.000000 0.000000 0.000000 1.000000
0.992013 -0.045437 -0.117666 -0.000000 0.012707 0.964120 -0.265161 0.460500 0.125492 0.261548 0.956998 -0.000000 0.000000 0.000000 0.000000 1.000000
0.991252 -0.049408 -0.122386 0.000000 0.014771 0.962991 -0.269127 0.460500 0.131154 0.264965 0.955297 -0.000000 0.000000 0.000000 0.000000 1.000000
0.991370 -0.049069 -0.121563 0.000000 0.014427 0.962510 -0.270861 0.460500 0.130297 0.266770 0.954912 -0.000000 0.000000 0.000000 0.000000 1.000000
0.992859 -0.041807 -0.111724 -0.000000 0.009835 0.962075 -0.272608 0.460500 0.118884 0.269563 0.955616 0.000000 0.000000 0.000000 0.000000 1.000000
0.994450 -0.032704 -0.099999 -0.000000 0.004170 0.961966 -0.273137 0.460500 0.105129 0.271204 0.956764 -0.000000 0.000000 0.000000 0.000000 1.000000
0.995699 -0.022754 -0.089807 0.000000 -0.002634 0.962025 -0.272948 0.460500 0.092607 0.272010 0.957828 0.000000 0.000000 0.000000 0.000000 1.000000</float_array><technique_common><accessor source="#chest-Matrix-animation-output-transform-array" count="32" stride="16"><param type="float4x4"/></accessor></technique_common></source><source id="chest-Interpolations"><Name_array id="chest-Interpolations-array" count="32">
 LINEAR LINEAR LINEAR LINEAR LINEAR LINEAR LINEAR LINEAR LINEAR LINEAR LINEAR
LINEAR LINEAR LINEAR LINEAR LINEAR LINEAR LINEAR LINEAR LINEAR LINEAR LINEAR LINEAR
LINEAR LINEAR LINEAR LINEAR LINEAR LINEAR LINEAR LINEAR LINEAR</Name_array><technique_common><accessor source="#chest-Interpolations-array" count="32"><param type="name"/></accessor></technique_common></source><sampler id="chest-Matrix-animation-transform"><input semantic="INPUT" source="#chest-Matrix-animation-input"/><input semantic="OUTPUT" source="#chest-Matrix-animation-output-transform"/><input semantic="INTERPOLATION" source="#chest-Interpolations"/></sampler><channel source="#chest-Matrix-animation-transform" target="chest/matrix"/></animation>
    <animation id="neck-anim" name="neck"><source id="neck-Matrix-animation-input"><float_array id="neck-Matrix-animation-input-array" count="32">

0.000000 0.033333 0.066667 0.100000 0.133333 0.166667 0.200000 0.233333 0.266667 0.300000 0.333333 0.366667 0.400000 0.433333 0.466667 0.500000
0.533333 0.566667 0.600000 0.633333 0.666667 0.700000 0.733333 0.766667 0.800000 0.833333 0.866667 0.900000 0.933333 0.966667 1.000000 1.033333</float_array><technique_common><accessor source="#neck-Matrix-animation-input-array" count="32"><param name="TIME" type="float"/></accessor></technique_common></source><source id="neck-Matrix-animation-output-transform"><float_array id="neck-Matrix-animation-output-transform-array" count="512">

0.994486 -0.028407 -0.100950 0.000000 -0.018000 0.902094 -0.431164 0.867400 0.103315 0.430604 0.896608 0.000000 0.000000 0.000000 0.000000 1.000000
0.994420 -0.027728 -0.101779 -0.000000 -0.018662 0.903374 -0.428448 0.867400 0.103825 0.427957 0.897816 0.000000 0.000000 0.000000 0.000000 1.000000
0.994345 -0.025322 -0.103133 0.000000 -0.020986 0.905148 -0.424579 0.867400 0.104101 0.424342 0.899498 0.000000 0.000000 0.000000 0.000000 1.000000
0.994222 -0.022014 -0.105066 0.000000 -0.024131 0.907865 -0.418568 0.867400 0.104600 0.418685 0.902088 0.000000 0.000000 0.000000 0.000000 1.000000
0.993997 -0.019248 -0.107696 0.000000 -0.027150 0.910207 -0.413262 0.867400 0.105981 0.413706 0.904221 -0.000000 0.000000 0.000000 0.000000 1.000000
0.993846 -0.016769 -0.109494 0.000000 -0.029965 0.910921 -0.411490 0.867400 0.106640 0.412239 0.904813 -0.000000 0.000000 0.000000 0.000000 1.000000
0.993838 -0.016623 -0.109587 0.000000 -0.029976 0.911539 -0.410119 0.867400 0.106710 0.410877 0.905424 0.000000 0.000000 0.000000 0.000000 1.000000
0.993867 -0.019456 -0.108859 -0.000000 -0.027117 0.911466 -0.410480 0.867400 0.107207 0.410915 0.905348 0.000000 0.000000 0.000000 0.000000 1.000000
0.993928 -0.021827 -0.107849 0.000000 -0.024942 0.909928 -0.414015 0.867400 0.107172 0.414191 0.903858 -0.000000 0.000000 0.000000 0.000000 1.000000
0.994108 -0.020583 -0.106419 0.000000 -0.025728 0.908937 -0.416138 0.867400 0.105293 0.416424 0.903053 0.000000 0.000000 0.000000 0.000000 1.000000
0.994229 -0.020090 -0.105385 0.000000 -0.025534 0.909769 -0.414329 0.867400 0.104200 0.414628 0.904005 0.000000 0.000000 0.000000 0.000000 1.000000
0.994293 -0.021667 -0.104461 0.000000 -0.023424 0.910927 -0.411903 0.867400 0.104081 0.411999 0.905220 -0.000000 0.000000 0.000000 0.000000 1.000000
0.994479 -0.018760 -0.103245 0.000000 -0.025472 0.911306 -0.410941 0.867400 0.101797 0.411302 0.905797 0.000000 0.000000 0.000000 0.000000 1.000000
0.994711 -0.011282 -0.102091 0.000000 -0.031893 0.910891 -0.411412 0.867400 0.097635 0.412492 0.905714 0.000000 0.000000 0.000000 0.000000 1.000000
0.994778 -0.004889 -0.101947 0.000000 -0.038072 0.908983 -0.415091 0.867400 0.094697 0.416805 0.904050 0.000000 0.000000 0.000000 0.000000 1.000000
0.994720 -0.001781 -0.102612 -0.000000 -0.041847 0.905912 -0.421394 0.867400 0.093708 0.423463 0.901054 -0.000000 0.000000 0.000000 0.000000 1.000000
0.994685 -0.000514 -0.102962 -0.000000 -0.043653 0.903559 -0.426234 0.867400 0.093251 0.428464 0.898734 -0.000000 0.000000 0.000000 0.000000 1.000000
0.994688 -0.000278 -0.102934 -0.000000 -0.044030 0.902744 -0.427919 0.867400 0.093042 0.430178 0.897937 -0.000000 0.000000 0.000000 0.000000 1.000000
0.994787 -0.003270 -0.101921 0.000000 -0.040879 0.902871 -0.427963 0.867400 0.093421 0.429899 0.898031 0.000000 0.000000 0.000000 0.000000 1.000000
0.994907 -0.009088 -0.100391 0.000000 -0.034756 0.903927 -0.426272 0.867400 0.094620 0.427590 0.899007 0.000000 0.000000 0.000000 0.000000 1.000000
0.994815 -0.009571 -0.101251 -0.000000 -0.034267 0.905806 -0.422304 0.867400 0.095756 0.423584 0.900782 0.000000 0.000000 0.000000 0.000000 1.000000
0.994631 -0.010107 -0.102988 0.000000 -0.033962 0.908211 -0.417132 0.867400 0.097751 0.418390 0.902992 0.000000 0.000000 0.000000 0.000000 1.000000
0.994478 -0.012293 -0.104227 0.000000 -0.031931 0.910593 -0.412069 0.867400 0.099974 0.413121 0.905172 0.000000 0.000000 0.000000 0.000000 1.000000
0.994423 -0.011516 -0.104837 0.000000 -0.032751 0.911160 -0.410749 0.867400 0.100254 0.411892 0.905701 0.000000 0.000000 0.000000 0.000000 1.000000
0.994543 -0.011386 -0.103706 0.000000 -0.032541 0.910582 -0.412045 0.867400 0.099124 0.413171 0.905243 0.000000 0.000000 0.000000 0.000000 1.000000
0.994751 -0.008999 -0.101933 -0.000000 -0.034031 0.910333 -0.412475 0.867400 0.096505 0.413778 0.905248 0.000000 0.000000 0.000000 0.000000 1.000000
0.994988 -0.008602 -0.099628 -0.000000 -0.033668 0.909308 -0.414760 0.867400 0.094160 0.416035 0.904460 -0.000000 0.000000 0.000000 0.000000 1.000000
0.995077 -0.019257 -0.097219 -0.000000 -0.023560 0.906858 -0.420776 0.867400 0.096267 0.420995 0.901940 0.000000 0.000000 0.000000 0.000000 1.000000
0.994893 -0.023403 -0.098188 0.000000 -0.020285 0.906549 -0.421613 0.867400 0.098879 0.421452 0.901444 0.000000 0.000000 0.000000 0.000000 1.000000
0.994776 -0.024431 -0.099118 0.000000 -0.019898 0.905914 -0.422994 0.867400 0.100127 0.422756 0.900695 0.000000 0.000000 0.000000 0.000000 1.000000
0.994661 -0.025295 -0.100052 -0.000000 -0.020037 0.903712 -0.427672 0.867400 0.101236 0.427393 0.898380 -0.000000 0.000000 0.000000 0.000000 1.000000
0.994486 -0.028407 -0.100950 -0.000000 -0.018000 0.902094 -0.431164 0.867400 0.103315 0.430604 0.896608 0.000000 0.000000 0.000000 0.000000 1.000000</float_array><technique_common><accessor source="#neck-Matrix-animation-output-transform-array" count="32" stride="16"><param type="float4x4"/></accessor></technique_common></source><source id="neck-Interpolations"><Name_array id="neck-Interpolations-array" count="32">
 LINEAR LINEAR LINEAR LINEAR LINEAR LINEAR LINEAR LINEAR LINEAR LINEAR LINEAR
LINEAR LINEAR LINEAR LINEAR LINEAR LINEAR LINEAR LINEAR LINEAR LINEAR LINEAR LINEAR
LINEAR LINEAR LINEAR LINEAR LINEAR LINEAR LINEAR LINEAR LINEAR</Name_array><technique_common><accessor source="#neck-Interpolations-array" count="32"><param type="name"/></accessor></technique_common></source><sampler id="neck-Matrix-animation-transform"><input semantic="INPUT" source="#neck-Matrix-animation-input"/><input semantic="OUTPUT" source="#neck-Matrix-animation-output-transform"/><input semantic="INTERPOLATION" source="#neck-Interpolations"/></sampler><channel source="#neck-Matrix-animation-transform" target="neck/matrix"/></animation>
