<?xml version="1.0" encoding="utf-8"?>
<COLLADA xmlns="http://www.collada.org/2005/11/COLLADASchema" version="1.4.1">
  <asset><contributor><author>Mixamo</author><authoring_tool>COLLADA Mixamo exporter</authoring_tool><comments></comments></contributor><created>2016-01-22T15:41:59Z</created><modified>2016-01-22T15:41:59Z</modified><revision></revision><title></title><unit meter="0.010000"/><up_axis>Y_UP</up_axis></asset>
  <library_animations>
    <animation id="free3dmodel_skeleton-anim" name="free3dmodel_skeleton"><source id="free3dmodel_skeleton-Matrix-animation-input"><float_array id="free3dmodel_skeleton-Matrix-animation-input-array" count="29">

0.000000 0.033333 0.066667 0.100000 0.133333 0.166667 0.200000 0.233333 0.266667 0.300000 0.333333 0.366667 0.400000 0.433333 0.466667 0.500000
0.533333 0.566667 0.600000 0.633333 0.666667 0.700000 0.733333 0.766667 0.800000 0.833333 0.866667 0.900000 0.933333</float_array><technique_common><accessor source="#free3dmodel_skeleton-Matrix-animation-input-array" count="29"><param name="TIME" type="float"/></accessor></technique_common></source><source id="free3dmodel_skeleton-Matrix-animation-output-transform"><float_array id="free3dmodel_skeleton-Matrix-animation-output-transform-array" count="464">

99.104330 10.583669 8.143575 -25.763060 -7.482110 -6.503996 99.507367 -3.934113 11.061188 -99.225420 -5.653860 17.475225 0.000000 0.000000 0.000000 1.000000
99.656906 4.179693 7.143622 -23.109596 -6.925286 -5.154152 99.626679 -4.545441 4.532283 -99.779582 -4.847012 12.243351 0.000000 0.000000 0.000000 1.000000
99.780677 -2.623713 6.077227 -20.895197 -6.183585 -4.183212 99.720931 -4.775208 -2.362168 -99.878010 -4.336277 7.814294 0.000000 0.000000 0.000000 1.000000
99.421526 -9.372168 5.246195 -20.006285 -5.601952 -3.573839 99.778985 -4.769806 -9.163964 -99.495679 -4.078189 3.801982 0.000000 0.000000 0.000000 1.000000
98.692495 -15.498126 4.427145 -19.678623 -4.991666 -3.272312 99.821717 -4.280090 -15.325625 -98.737531 -4.003141 0.168466 0.000000 0.000000 0.000000 1.000000
97.735448 -20.843638 3.650322 -19.751827 -4.413494 -3.207997 99.851038 -3.766846 -20.695487 -97.750967 -4.055283 -3.009649 0.000000 0.000000 0.000000 1.000000
96.665111 -25.404019 3.239150 -20.954323 -4.212850 -3.298085 99.856770 -3.645264 -25.260803 -96.663118 -4.258331 -5.513906 0.000000 0.000000 0.000000 1.000000
95.515202 -29.461020 2.982382 -22.529366 -4.164050 -3.391678 99.855682 -3.780487 -29.317349 -95.501544 -4.466340 -7.872356 0.000000 0.000000 0.000000 1.000000
94.172901 -33.544162 2.500785 -23.156195 -3.894788 -3.489345 99.863182 -3.815277 -33.411007 -94.141456 -4.592491 -10.405375 0.000000 0.000000 0.000000 1.000000
92.601422 -37.693273 2.047893 -23.397373 -3.759807 -3.811500 99.856579 -3.931488 -37.561157 -92.545609 -4.946698 -11.960124 0.000000 0.000000 0.000000 1.000000
90.991842 -41.439749 1.797739 -23.537247 -3.975694 -4.399113 99.824054 -4.107300 -41.287752 -90.903218 -5.650352 -12.139784 0.000000 0.000000 0.000000 1.000000
89.504830 -44.563061 1.737504 -23.230747 -4.478821 -5.105729 99.769092 -4.331635 -44.371449 -89.375976 -6.565774 -11.575306 0.000000 0.000000 0.000000 1.000000
88.031789 -47.407221 1.720341 -22.289371 -5.041335 -5.743147 99.707579 -4.799133 -47.169790 -87.861093 -7.445751 -11.207556 0.000000 0.000000 0.000000 1.000000
86.260682 -50.581878 0.753963 -18.524818 -4.537101 -6.251299 99.701234 -5.659241 -50.383623 -86.037172 -7.687364 -12.668196 0.000000 0.000000 0.000000 1.000000
83.917561 -54.382575 -0.615302 -13.993600 -3.734339 -6.890398 99.692413 -6.464386 -54.257698 -83.636463 -7.813083 -13.904337 0.000000 0.000000 0.000000 1.000000
80.818140 -58.876785 -1.397287 -11.570089 -3.857490 -7.659540 99.631577 -6.516235 -58.766895 -80.466488 -8.461464 -12.780499 0.000000 0.000000 0.000000 1.000000
76.692592 -64.153740 -1.594948 -11.207148 -4.798742 -8.211520 99.546688 -5.674225 -63.993893 -76.268398 -9.376200 -9.381762 0.000000 0.000000 0.000000 1.000000
71.696097 -69.683438 -1.971859 -10.241333 -5.562260 -8.537924 99.479471 -4.727142 -69.489071 -71.213218 -9.997332 -5.201797 0.000000 0.000000 0.000000 1.000000
66.185848 -74.918290 -2.585230 -8.079998 -6.054919 -8.780210 99.429603 -3.926178 -74.717946 -65.651792 -10.347498 -0.852127 0.000000 0.000000 0.000000 1.000000
59.907081 -80.015459 -2.944145 -6.400752 -6.634917 -8.625141 99.406161 -3.131256 -79.794232 -59.355988 -10.476029 3.200804 0.000000 0.000000 0.000000 1.000000
52.512961 -85.040988 -3.227891 -4.635048 -7.030847 -8.115305 99.421874 -2.603424 -84.811297 -51.982422 -10.240689 5.943079 0.000000 0.000000 0.000000 1.000000
41.691842 -90.809147 -3.935617 0.635892 -7.692631 -7.839526 99.394996 -2.412689 -90.568282 -41.136852 -10.254056 12.223368 0.000000 0.000000 0.000000 1.000000
32.858860 -94.335418 -4.596103 5.916598 -7.857294 -7.579812 99.402260 -3.106445 -94.119914 -32.301321 -9.902851 16.338572 0.000000 0.000000 0.000000 1.000000
26.028230 -96.426778 -4.940411 9.969042 -7.904277 -7.227593 99.424767 -3.320038 -96.229173 -25.488004 -9.503054 19.964355 0.000000 0.000000 0.000000 1.000000
20.313323 -97.778934 -5.162269 12.944498 -7.808037 -6.872989 99.457511 -3.425964 -97.603296 -19.800054 -9.030748 22.384663 0.000000 0.000000 0.000000 1.000000
15.697921 -98.614985 -5.353502 15.081525 -7.591734 -6.609600 99.492104 -3.641144 -98.467969 -15.211768 -8.524157 23.605524 0.000000 0.000000 0.000000 1.000000
12.492934 -99.063709 -5.505283 16.498537 -7.496737 -6.475395 99.508131 -3.807373 -98.932935 -12.018768 -8.235513 24.662991 0.000000 0.000000 0.000000 1.000000
11.589897 -99.167871 -5.604257 17.231945 -7.487586 -6.498525 99.507312 -3.890015 -99.043477 -11.113172 -8.178452 25.665365 0.000000 0.000000 0.000000 1.000000
11.061960 -99.224584 -5.667012 17.520351 -7.480605 -6.517088 99.506623 -3.932709 -99.104357 -10.583456 -8.143517 25.763084 0.000000 0.000000 0.000000 1.000000</float_array><technique_common><accessor source="#free3dmodel_skeleton-Matrix-animation-output-transform-array" count="29" stride="16"><param type="float4x4"/></accessor></technique_common></source><source id="free3dmodel_skeleton-Interpolations"><Name_array id="free3dmodel_skeleton-Interpolations-array" count="29">
 LINEAR LINEAR LINEAR LINEAR LINEAR LINEAR LINEAR LINEAR LINEAR LINEAR LINEAR
LINEAR LINEAR LINEAR LINEAR LINEAR LINEAR LINEAR LINEAR LINEAR LINEAR LINEAR LINEAR
LINEAR LINEAR LINEAR LINEAR LINEAR LINEAR</Name_array><technique_common><accessor source="#free3dmodel_skeleton-Interpolations-array" count="29"><param type="name"/></accessor></technique_common></source><sampler id="free3dmodel_skeleton-Matrix-animation-transform"><input semantic="INPUT" source="#free3dmodel_skeleton-Matrix-animation-input"/><input semantic="OUTPUT" source="#free3dmodel_skeleton-Matrix-animation-output-transform"/><input semantic="INTERPOLATION" source="#free3dmodel_skeleton-Interpolations"/></sampler><channel source="#free3dmodel_skeleton-Matrix-animation-transform" target="free3dmodel_skeleton/matrix"/></animation>
    <animation id="hips-anim" name="hips"><source id="hips-Matrix-animation-input"><float_array id="hips-Matrix-animation-input-array" count="29">

0.000000 0.033333 0.066667 0.100000 0.133333 0.166667 0.200000 0.233333 0.266667 0.300000 0.333333 0.366667 0.400000 0.433333 0.466667 0.500000
0.533333 0.566667 0.600000 0.633333 0.666667 0.700000 0.733333 0.766667 0.800000 0.833333 0.866667 0.900000 0.933333</float_array><technique_common><accessor source="#hips-Matrix-animation-input-array" count="29"><param name="TIME" type="float"/></accessor></technique_common></source><source id="hips-Matrix-animation-output-transform"><float_array id="hips-Matrix-animation-output-transform-array" count="464">

1.000000 -0.000000 -0.000000 0.000000 -0.000000 0.000234 -1.000000 0.052000 -0.000000 1.000000 0.000234 3.016600 0.000000 0.000000 0.000000 1.000000
1.000000 0.000000 -0.000000 0.000000 -0.000000 0.000234 -1.000000 0.052000 -0.000000 1.000000 0.000234 3.016600 0.000000 0.000000 0.000000 1.000000
1.000000 -0.000000 0.000000 0.000000 0.000000 0.000234 -1.000000 0.052000 0.000000 1.000000 0.000234 3.016600 0.000000 0.000000 0.000000 1.000000
1.000000 -0.000000 -0.000000 0.000000 -0.000000 0.000234 -1.000000 0.052000 -0.000000 1.000000 0.000234 3.016600 0.000000 0.000000 0.000000 1.000000
1.000000 -0.000000 -0.000000 0.000000 -0.000000 0.000234 -1.000000 0.052000 0.000000 1.000000 0.000234 3.016600 0.000000 0.000000 0.000000 1.000000
1.000000 0.000000 0.000000 -0.000000 0.000000 0.000234 -1.000000 0.052000 -0.000000 1.000000 0.000234 3.016600 0.000000 0.000000 0.000000 1.000000
1.000000 0.000000 -0.000000 0.000000 -0.000000 0.000234 -1.000000 0.052000 -0.000000 1.000000 0.000234 3.016600 0.000000 0.000000 0.000000 1.000000
1.000000 0.000000 0.000000 0.000000 -0.000000 0.000234 -1.000000 0.052000 -0.000000 1.000000 0.000234 3.016600 0.000000 0.000000 0.000000 1.000000
1.000000 -0.000000 0.000000 -0.000000 0.000000 0.000234 -1.000000 0.052000 0.000000 1.000000 0.000234 3.016600 0.000000 0.000000 0.000000 1.000000
1.000000 0.000000 -0.000000 0.000000 0.000000 0.000234 -1.000000 0.052000 0.000000 1.000000 0.000234 3.016600 0.000000 0.000000 0.000000 1.000000
1.000000 0.000000 -0.000000 -0.000000 0.000000 0.000234 -1.000000 0.052000 0.000000 1.000000 0.000234 3.016600 0.000000 0.000000 0.000000 1.000000
1.000000 -0.000000 0.000000 -0.000000 -0.000000 0.000234 -1.000000 0.052000 -0.000000 1.000000 0.000234 3.016600 0.000000 0.000000 0.000000 1.000000
1.000000 0.000000 0.000000 0.000000 0.000000 0.000234 -1.000000 0.052000 0.000000 1.000000 0.000234 3.016600 0.000000 0.000000 0.000000 1.000000
1.000000 0.000000 -0.000000 0.000000 0.000000 0.000234 -1.000000 0.052000 0.000000 1.000000 0.000234 3.016600 0.000000 0.000000 0.000000 1.000000
1.000000 0.000000 -0.000000 0.000000 -0.000000 0.000234 -1.000000 0.052000 0.000000 1.000000 0.000234 3.016600 0.000000 0.000000 0.000000 1.000000
1.000000 0.000000 0.000000 -0.000000 0.000000 0.000234 -1.000000 0.052000 0.000000 1.000000 0.000234 3.016600 0.000000 0.000000 0.000000 1.000000
1.000000 -0.000000 -0.000000 -0.000000 0.000000 0.000234 -1.000000 0.052000 0.000000 1.000000 0.000234 3.016600 0.000000 0.000000 0.000000 1.000000
1.000000 0.000000 0.000000 -0.000000 0.000000 0.000234 -1.000000 0.052000 0.000000 1.000000 0.000234 3.016600 0.000000 0.000000 0.000000 1.000000
1.000000 -0.000000 0.000000 0.000000 0.000000 0.000234 -1.000000 0.052000 -0.000000 1.000000 0.000234 3.016600 0.000000 0.000000 0.000000 1.000000
1.000000 -0.000000 0.000000 0.000000 -0.000000 0.000234 -1.000000 0.052000 0.000000 1.000000 0.000234 3.016600 0.000000 0.000000 0.000000 1.000000
1.000000 0.000000 -0.000000 0.000000 -0.000000 0.000234 -1.000000 0.052000 0.000000 1.000000 0.000234 3.016600 0.000000 0.000000 0.000000 1.000000
1.000000 -0.000000 0.000000 -0.000000 0.000000 0.000234 -1.000000 0.052000 0.000000 1.000000 0.000234 3.016600 0.000000 0.000000 0.000000 1.000000
1.000000 0.000000 0.000000 0.000000 -0.000000 0.000234 -1.000000 0.052000 -0.000000 1.000000 0.000234 3.016600 0.000000 0.000000 0.000000 1.000000
1.000000 -0.000000 -0.000000 0.000000 -0.000000 0.000234 -1.000000 0.052000 -0.000000 1.000000 0.000234 3.016600 0.000000 0.000000 0.000000 1.000000
1.000000 0.000000 -0.000000 0.000000 0.000000 0.000234 -1.000000 0.052000 -0.000000 1.000000 0.000234 3.016600 0.000000 0.000000 0.000000 1.000000
1.000000 -0.000000 -0.000000 -0.000000 -0.000000 0.000234 -1.000000 0.052000 -0.000000 1.000000 0.000234 3.016600 0.000000 0.000000 0.000000 1.000000
1.000000 0.000000 -0.000000 -0.000000 -0.000000 0.000234 -1.000000 0.052000 0.000000 1.000000 0.000234 3.016600 0.000000 0.000000 0.000000 1.000000
1.000000 0.000000 -0.000000 -0.000000 0.000000 0.000234 -1.000000 0.052000 0.000000 1.000000 0.000234 3.016600 0.000000 0.000000 0.000000 1.000000
1.000000 -0.000000 0.000000 0.000000 -0.000000 0.000234 -1.000000 0.052000 -0.000000 1.000000 0.000234 3.016600 0.000000 0.000000 0.000000 1.000000</float_array><technique_common><accessor source="#hips-Matrix-animation-output-transform-array" count="29" stride="16"><param type="float4x4"/></accessor></technique_common></source><source id="hips-Interpolations"><Name_array id="hips-Interpolations-array" count="29">
 LINEAR LINEAR LINEAR LINEAR LINEAR LINEAR LINEAR LINEAR LINEAR LINEAR LINEAR
LINEAR LINEAR LINEAR LINEAR LINEAR LINEAR LINEAR LINEAR LINEAR LINEAR LINEAR LINEAR
LINEAR LINEAR LINEAR LINEAR LINEAR LINEAR</Name_array><technique_common><accessor source="#hips-Interpolations-array" count="29"><param type="name"/></accessor></technique_common></source><sampler id="hips-Matrix-animation-transform"><input semantic="INPUT" source="#hips-Matrix-animation-input"/><input semantic="OUTPUT" source="#hips-Matrix-animation-output-transform"/><input semantic="INTERPOLATION" source="#hips-Interpolations"/></sampler><channel source="#hips-Matrix-animation-transform" target="hips/matrix"/></animation>
    <animation id="abdomen-anim" name="abdomen"><source id="abdomen-Matrix-animation-input"><float_array id="abdomen-Matrix-animation-input-array" count="29">

0.000000 0.033333 0.066667 0.100000 0.133333 0.166667 0.200000 0.233333 0.266667 0.300000 0.333333 0.366667 0.400000 0.433333 0.466667 0.500000
0.533333 0.566667 0.600000 0.633333 0.666667 0.700000 0.733333 0.766667 0.800000 0.833333 0.866667 0.900000 0.933333</float_array><technique_common><accessor source="#abdomen-Matrix-animation-input-array" count="29"><param name="TIME" type="float"/></accessor></technique_common></source><source id="abdomen-Matrix-animation-output-transform"><float_array id="abdomen-Matrix-animation-output-transform-array" count="464">

0.997367 -0.066652 0.028578 -0.000000 0.068473 0.995307 -0.068374 0.491500 -0.023887 0.070151 0.997250 0.000000 0.000000 0.000000 0.000000 1.000000
0.997192 -0.067226 0.032997 0.000000 0.069395 0.995150 -0.069714 0.491500 -0.028150 0.071809 0.997021 -0.000000 0.000000 0.000000 0.000000 1.000000
0.997179 -0.065675 0.036351 -0.000000 0.068154 0.995090 -0.071773 0.491500 -0.031458 0.074048 0.996758 0.000000 0.000000 0.000000 0.000000 1.000000
0.997382 -0.060881 0.039025 -0.000000 0.063665 0.995180 -0.074594 0.491500 -0.034295 0.076883 0.996450 0.000000 0.000000 0.000000 0.000000 1.000000
0.997693 -0.053457 0.041856 0.000000 0.056590 0.995375 -0.077626 0.491500 -0.037512 0.079815 0.996104 -0.000000 0.000000 0.000000 0.000000 1.000000
0.997957 -0.044934 0.045426 0.000000 0.048463 0.995630 -0.079830 0.491500 -0.041640 0.081868 0.995773 0.000000 0.000000 0.000000 0.000000 1.000000
0.998124 -0.036421 0.049221 0.000000 0.040306 0.995948 -0.080393 0.491500 -0.046093 0.082226 0.995547 0.000000 0.000000 0.000000 0.000000 1.000000
0.998230 -0.028735 0.052072 -0.000000 0.032821 0.996303 -0.079392 0.491500 -0.049598 0.080960 0.995483 0.000000 0.000000 0.000000 0.000000 1.000000
0.998322 -0.021880 0.053619 -0.000000 0.026018 0.996635 -0.077730 0.491500 -0.051738 0.078995 0.995532 -0.000000 0.000000 0.000000 0.000000 1.000000
0.998319 -0.017060 0.055382 -0.000000 0.021257 0.996874 -0.076096 0.491500 -0.053911 0.077145 0.995561 0.000000 0.000000 0.000000 0.000000 1.000000
0.998085 -0.017777 0.059247 -0.000000 0.022157 0.997004 -0.074114 0.491500 -0.057752 0.075285 0.995488 0.000000 0.000000 0.000000 0.000000 1.000000
0.997597 -0.024766 0.064699 0.000000 0.029374 0.997025 -0.071261 0.491500 -0.062741 0.072990 0.995357 -0.000000 0.000000 0.000000 0.000000 1.000000
0.997090 -0.033373 0.068540 -0.000000 0.038062 0.996940 -0.068280 0.491500 -0.066052 0.070690 0.995309 0.000000 0.000000 0.000000 0.000000 1.000000
0.997053 -0.035441 0.068036 0.000000 0.040009 0.996951 -0.066995 0.491500 -0.065455 0.069520 0.995431 0.000000 0.000000 0.000000 0.000000 1.000000
0.997469 -0.032238 0.063367 0.000000 0.036539 0.997021 -0.067925 0.491500 -0.060988 0.070069 0.995676 0.000000 0.000000 0.000000 0.000000 1.000000
0.997823 -0.033363 0.056879 0.000000 0.037285 0.996897 -0.069332 0.491500 -0.054390 0.071302 0.995971 0.000000 0.000000 0.000000 0.000000 1.000000
0.997907 -0.039937 0.050861 0.000000 0.043460 0.996589 -0.070148 0.491500 -0.047886 0.072212 0.996239 0.000000 0.000000 0.000000 0.000000 1.000000
0.997881 -0.045271 0.046734 0.000000 0.048548 0.996256 -0.071530 0.491500 -0.043320 0.073648 0.996343 -0.000000 0.000000 0.000000 0.000000 1.000000
0.997965 -0.045840 0.044313 -0.000000 0.049082 0.995969 -0.075078 0.491500 -0.040693 0.077101 0.996193 0.000000 0.000000 0.000000 0.000000 1.000000
0.998197 -0.043261 0.041609 0.000000 0.046492 0.995701 -0.080110 0.491500 -0.037965 0.081900 0.995917 -0.000000 0.000000 0.000000 0.000000 1.000000
0.998621 -0.037727 0.036495 -0.000000 0.040676 0.995655 -0.083770 0.491500 -0.033176 0.085139 0.995817 -0.000000 0.000000 0.000000 0.000000 1.000000
0.999071 -0.031555 0.029346 -0.000000 0.033921 0.995890 -0.083979 0.491500 -0.026576 0.084897 0.996035 0.000000 0.000000 0.000000 0.000000 1.000000
0.999420 -0.025646 0.022400 0.000000 0.027396 0.996283 -0.081669 0.491500 -0.020222 0.082235 0.996408 -0.000000 0.000000 0.000000 0.000000 1.000000
0.999603 -0.021959 0.017661 0.000000 0.023284 0.996626 -0.078702 0.491500 -0.015873 0.079082 0.996742 0.000000 0.000000 0.000000 0.000000 1.000000
0.999540 -0.025721 0.016050 0.000000 0.026869 0.996753 -0.075902 0.491500 -0.014046 0.076298 0.996986 0.000000 0.000000 0.000000 0.000000 1.000000
0.999207 -0.035714 0.017618 -0.000000 0.036916 0.996619 -0.073396 0.491500 -0.014937 0.073988 0.997147 -0.000000 0.000000 0.000000 0.000000 1.000000
0.998602 -0.048272 0.021520 0.000000 0.049690 0.996226 -0.071170 0.491500 -0.018003 0.072140 0.997232 -0.000000 0.000000 0.000000 0.000000 1.000000
0.997890 -0.059575 0.025829 -0.000000 0.061240 0.995708 -0.069385 0.491500 -0.021585 0.070820 0.997256 0.000000 0.000000 0.000000 0.000000 1.000000
0.997367 -0.066645 0.028579 0.000000 0.068467 0.995308 -0.068374 0.491500 -0.023888 0.070151 0.997250 0.000000 0.000000 0.000000 0.000000 1.000000</float_array><technique_common><accessor source="#abdomen-Matrix-animation-output-transform-array" count="29" stride="16"><param type="float4x4"/></accessor></technique_common></source><source id="abdomen-Interpolations"><Name_array id="abdomen-Interpolations-array" count="29">
 LINEAR LINEAR LINEAR LINEAR LINEAR LINEAR LINEAR LINEAR LINEAR LINEAR LINEAR
LINEAR LINEAR LINEAR LINEAR LINEAR LINEAR LINEAR LINEAR LINEAR LINEAR LINEAR LINEAR
LINEAR LINEAR LINEAR LINEAR LINEAR LINEAR</Name_array><technique_common><accessor source="#abdomen-Interpolations-array" count="29"><param type="name"/></accessor></technique_common></source><sampler id="abdomen-Matrix-animation-transform"><input semantic="INPUT" source="#abdomen-Matrix-animation-input"/><input semantic="OUTPUT" source="#abdomen-Matrix-animation-output-transform"/><input semantic="INTERPOLATION" source="#abdomen-Interpolations"/></sampler><channel source="#abdomen-Matrix-animation-transform" target="abdomen/matrix"/></animation>
    <animation id="abdomen2-anim" name="abdomen2"><source id="abdomen2-Matrix-animation-input"><float_array id="abdomen2-Matrix-animation-input-array" count="29">

0.000000 0.033333 0.066667 0.100000 0.133333 0.166667 0.200000 0.233333 0.266667 0.300000 0.333333 0.366667 0.400000 0.433333 0.466667 0.500000
0.533333 0.566667 0.600000 0.633333 0.666667 0.700000 0.733333 0.766667 0.800000 0.833333 0.866667 0.900000 0.933333</float_array><technique_common><accessor source="#abdomen2-Matrix-animation-input-array" count="29"><param name="TIME" type="float"/></accessor></technique_common></source><source id="abdomen2-Matrix-animation-output-transform"><float_array id="abdomen2-Matrix-animation-output-transform-array" count="464">

0.999545 -0.030152 -0.000796 0.000000 0.029565 0.974171 0.223867 0.263800 -0.005974 -0.223788 0.974619 0.000000 0.000000 0.000000 0.000000 1.000000
0.999520 -0.030919 0.001745 0.000000 0.029757 0.974518 0.222328 0.263800 -0.008574 -0.222169 0.974970 -0.000000 0.000000 0.000000 0.000000 1.000000
0.999441 -0.033257 0.003402 0.000000 0.031690 0.974895 0.220399 0.263800 -0.010646 -0.220168 0.975404 -0.000000 0.000000 0.000000 0.000000 1.000000
0.999297 -0.037183 0.004887 0.000000 0.035226 0.975343 0.217867 0.263800 -0.012868 -0.217541 0.975966 0.000000 0.000000 0.000000 0.000000 1.000000
0.999083 -0.042256 0.006961 0.000000 0.039772 0.975791 0.215059 0.263800 -0.015880 -0.214585 0.976576 0.000000 0.000000 0.000000 0.000000 1.000000
0.998797 -0.048043 0.009808 0.000000 0.044859 0.976047 0.212884 0.263800 -0.019801 -0.212188 0.977028 0.000000 0.000000 0.000000 0.000000 1.000000
0.998436 -0.054441 0.012692 -0.000000 0.050517 0.975930 0.212155 0.263800 -0.023937 -0.211182 0.977154 -0.000000 0.000000 0.000000 0.000000 1.000000
0.998015 -0.061285 0.014482 -0.000000 0.056811 0.975439 0.212819 0.263800 -0.027169 -0.211574 0.976984 0.000000 0.000000 0.000000 0.000000 1.000000
0.997546 -0.068406 0.014938 0.000000 0.063637 0.974748 0.214049 0.263800 -0.029203 -0.212573 0.976709 0.000000 0.000000 0.000000 0.000000 1.000000
0.996988 -0.076009 0.015430 -0.000000 0.070923 0.973972 0.215286 0.263800 -0.031392 -0.213544 0.976429 0.000000 0.000000 0.000000 0.000000 1.000000
0.996311 -0.083980 0.017646 -0.000000 0.078174 0.973034 0.217012 0.263800 -0.035394 -0.214832 0.976009 0.000000 0.000000 0.000000 0.000000 1.000000
0.995642 -0.090743 0.021518 0.000000 0.083826 0.971906 0.219937 0.263800 -0.040871 -0.217175 0.975277 0.000000 0.000000 0.000000 0.000000 1.000000
0.995238 -0.094223 0.024958 0.000000 0.086311 0.970872 0.223513 0.263800 -0.045291 -0.220295 0.974381 0.000000 0.000000 0.000000 0.000000 1.000000
0.995179 -0.094646 0.025695 0.000000 0.086441 0.970276 0.226038 0.263800 -0.046325 -0.222727 0.973780 0.000000 0.000000 0.000000 0.000000 1.000000
0.995231 -0.094800 0.022974 0.000000 0.087176 0.970096 0.226528 0.263800 -0.043762 -0.223445 0.973734 0.000000 0.000000 0.000000 0.000000 1.000000
0.995250 -0.095695 0.017877 0.000000 0.089213 0.970046 0.225945 0.263800 -0.038964 -0.223277 0.973976 0.000000 0.000000 0.000000 0.000000 1.000000
0.995332 -0.095652 0.012840 0.000000 0.090309 0.970020 0.225623 0.263800 -0.034037 -0.223410 0.974130 0.000000 0.000000 0.000000 0.000000 1.000000
0.995598 -0.093084 0.010945 0.000000 0.088247 0.970332 0.225096 0.263800 -0.031574 -0.223140 0.974275 0.000000 0.000000 0.000000 0.000000 1.000000
0.995959 -0.088841 0.013150 -0.000000 0.083694 0.971244 0.222890 0.263800 -0.032573 -0.220889 0.974755 0.000000 0.000000 0.000000 0.000000 1.000000
0.996357 -0.083858 0.015488 0.000000 0.078434 0.972458 0.219486 0.263800 -0.033467 -0.217472 0.975493 -0.000000 0.000000 0.000000 0.000000 1.000000
0.996970 -0.076821 0.012200 -0.000000 0.072338 0.973347 0.217630 0.263800 -0.028594 -0.216088 0.975955 0.000000 0.000000 0.000000 0.000000 1.000000
0.997760 -0.066805 0.003482 -0.000000 0.064427 0.973656 0.218731 0.263800 -0.018003 -0.218017 0.975779 0.000000 0.000000 0.000000 0.000000 1.000000
0.998416 -0.056097 -0.004356 0.000000 0.055673 0.973704 0.220911 0.263800 -0.008151 -0.220804 0.975284 0.000000 0.000000 0.000000 0.000000 1.000000
0.998832 -0.047672 -0.007853 0.000000 0.048225 0.973840 0.222061 0.263800 -0.002938 -0.222180 0.975001 0.000000 0.000000 0.000000 0.000000 1.000000
0.999074 -0.042156 -0.008604 -0.000000 0.043014 0.974047 0.222223 0.263800 -0.000988 -0.222387 0.974958 0.000000 0.000000 0.000000 0.000000 1.000000
0.999234 -0.038314 -0.007998 -0.000000 0.039134 0.974171 0.222396 0.263800 -0.000729 -0.222539 0.974924 0.000000 0.000000 0.000000 0.000000 1.000000
0.999373 -0.034913 -0.005938 -0.000000 0.035357 0.974182 0.222978 0.263800 -0.002000 -0.223049 0.974805 0.000000 0.000000 0.000000 0.000000 1.000000
0.999487 -0.031890 -0.003021 0.000000 0.031758 0.974165 0.223594 0.263800 -0.004187 -0.223575 0.974678 0.000000 0.000000 0.000000 0.000000 1.000000
0.999544 -0.030172 -0.000795 0.000000 0.029584 0.974171 0.223867 0.263800 -0.005980 -0.223788 0.974619 -0.000000 0.000000 0.000000 0.000000 1.000000</float_array><technique_common><accessor source="#abdomen2-Matrix-animation-output-transform-array" count="29" stride="16"><param type="float4x4"/></accessor></technique_common></source><source id="abdomen2-Interpolations"><Name_array id="abdomen2-Interpolations-array" count="29">
 LINEAR LINEAR LINEAR LINEAR LINEAR LINEAR LINEAR LINEAR LINEAR LINEAR LINEAR
LINEAR LINEAR LINEAR LINEAR LINEAR LINEAR LINEAR LINEAR LINEAR LINEAR LINEAR LINEAR
LINEAR LINEAR LINEAR LINEAR LINEAR LINEAR</Name_array><technique_common><accessor source="#abdomen2-Interpolations-array" count="29"><param type="name"/></accessor></technique_common></source><sampler id="abdomen2-Matrix-animation-transform"><input semantic="INPUT" source="#abdomen2-Matrix-animation-input"/><input semantic="OUTPUT" source="#abdomen2-Matrix-animation-output-transform"/><input semantic="INTERPOLATION" source="#abdomen2-Interpolations"/></sampler><channel source="#abdomen2-Matrix-animation-transform" target="abdomen2/matrix"/></animation>
    <animation id="chest-anim" name="chest"><source id="chest-Matrix-animation-input"><float_array id="chest-Matrix-animation-input-array" count="29">

0.000000 0.033333 0.066667 0.100000 0.133333 0.166667 0.200000 0.233333 0.266667 0.300000 0.333333 0.366667 0.400000 0.433333 0.466667 0.500000
0.533333 0.566667 0.600000 0.633333 0.666667 0.700000 0.733333 0.766667 0.800000 0.833333 0.866667 0.900000 0.933333</float_array><technique_common><accessor source="#chest-Matrix-animation-input-array" count="29"><param name="TIME" type="float"/></accessor></technique_common></source><source id="chest-Matrix-animation-output-transform"><float_array id="chest-Matrix-animation-output-transform-array" count="464">

0.999539 -0.029805 0.005738 0.000000 0.030336 0.974838 -0.220840 0.460500 0.000988 0.220912 0.975293 0.000000 0.000000 0.000000 0.000000 1.000000
0.999539 -0.029181 0.008427 0.000000 0.030325 0.974505 -0.222307 0.460500 -0.001725 0.222460 0.974940 0.000000 0.000000 0.000000 0.000000 1.000000
0.999521 -0.029116 0.010479 0.000000 0.030725 0.974068 -0.224161 0.460500 -0.003680 0.224375 0.974496 -0.000000 0.000000 0.000000 0.000000 1.000000
0.999488 -0.029430 0.012543 0.000000 0.031508 0.973474 -0.226618 0.460500 -0.005541 0.226897 0.973903 0.000000 0.000000 0.000000 0.000000 1.000000
0.999443 -0.029680 0.015265 -0.000000 0.032392 0.972804 -0.229353 0.460500 -0.008043 0.229720 0.973224 0.000000 0.000000 0.000000 0.000000 1.000000
0.999381 -0.029744 0.018762 0.000000 0.033283 0.972275 -0.231460 0.460500 -0.011357 0.231941 0.972664 0.000000 0.000000 0.000000 0.000000 1.000000
0.999306 -0.029798 0.022332 -0.000000 0.034174 0.972085 -0.232129 0.460500 -0.014792 0.232731 0.972429 0.000000 0.000000 0.000000 0.000000 1.000000
0.999241 -0.029989 0.024874 -0.000000 0.034939 0.972227 -0.231419 0.460500 -0.017244 0.232112 0.972536 -0.000000 0.000000 0.000000 0.000000 1.000000
0.999195 -0.030422 0.026147 0.000000 0.035632 0.972501 -0.230158 0.460500 -0.018426 0.230905 0.972802 -0.000000 0.000000 0.000000 0.000000 1.000000
0.999132 -0.031245 0.027549 -0.000000 0.036732 0.972758 -0.228893 0.460500 -0.019647 0.229707 0.973062 -0.000000 0.000000 0.000000 0.000000 1.000000
0.999008 -0.032237 0.030716 0.000000 0.038385 0.973106 -0.227138 0.460500 -0.022568 0.228092 0.973378 0.000000 0.000000 0.000000 0.000000 1.000000
0.998863 -0.032051 0.035290 0.000000 0.039167 0.973753 -0.224211 0.460500 -0.027178 0.225338 0.973902 0.000000 0.000000 0.000000 0.000000 1.000000
0.998817 -0.029211 0.038864 0.000000 0.037092 0.974634 -0.220710 0.460500 -0.031431 0.221890 0.974565 -0.000000 0.000000 0.000000 0.000000 1.000000
0.998926 -0.024536 0.039315 0.000000 0.032550 0.975330 -0.218337 0.460500 -0.032988 0.219382 0.975081 0.000000 0.000000 0.000000 0.000000 1.000000
0.999114 -0.021004 0.036471 0.000000 0.028467 0.975532 -0.218006 0.460500 -0.031000 0.218851 0.975266 0.000000 0.000000 0.000000 0.000000 1.000000
0.999315 -0.019436 0.031499 0.000000 0.025866 0.975440 -0.218741 0.460500 -0.026474 0.219406 0.975274 0.000000 0.000000 0.000000 0.000000 1.000000
0.999490 -0.018073 0.026334 0.000000 0.023414 0.975379 -0.219290 0.460500 -0.021722 0.219795 0.975304 0.000000 0.000000 0.000000 0.000000 1.000000
0.999593 -0.015885 0.023705 0.000000 0.020720 0.975230 -0.220219 0.460500 -0.019619 0.220620 0.975162 0.000000 0.000000 0.000000 0.000000 1.000000
0.999578 -0.014884 0.024948 0.000000 0.020076 0.974628 -0.222928 0.460500 -0.020997 0.223335 0.974516 0.000000 0.000000 0.000000 0.000000 1.000000
0.999504 -0.016887 0.026589 0.000000 0.022480 0.973720 -0.226638 0.460500 -0.022063 0.227124 0.973616 0.000000 0.000000 0.000000 0.000000 1.000000
0.999534 -0.020422 0.022708 -0.000000 0.025073 0.973252 -0.228369 0.460500 -0.017437 0.228832 0.973310 0.000000 0.000000 0.000000 0.000000 1.000000
0.999646 -0.023157 0.013124 0.000000 0.025532 0.973596 -0.226844 0.460500 -0.007524 0.227099 0.973843 0.000000 0.000000 0.000000 0.000000 1.000000
0.999670 -0.025308 0.004394 0.000000 0.025648 0.974188 -0.224278 0.460500 0.001396 0.224317 0.974515 -0.000000 0.000000 0.000000 0.000000 1.000000
0.999598 -0.028340 0.000487 0.000000 0.027736 0.974446 -0.222902 0.460500 0.005843 0.222826 0.974841 -0.000000 0.000000 0.000000 0.000000 1.000000
0.999490 -0.031929 -0.000258 0.000000 0.031070 0.974415 -0.222597 0.460500 0.007359 0.222475 0.974911 0.000000 0.000000 0.000000 0.000000 1.000000
0.999420 -0.034045 0.000241 0.000000 0.033247 0.974411 -0.222303 0.460500 0.007333 0.222182 0.974978 0.000000 0.000000 0.000000 0.000000 1.000000
0.999437 -0.033503 0.001779 0.000000 0.033064 0.974558 -0.221682 0.460500 0.005693 0.221616 0.975117 0.000000 0.000000 0.000000 0.000000 1.000000
0.999500 -0.031357 0.003970 0.000000 0.031459 0.974747 -0.221085 0.460500 0.003063 0.221099 0.975246 -0.000000 0.000000 0.000000 0.000000 1.000000
0.999540 -0.029775 0.005730 0.000000 0.030305 0.974839 -0.220840 0.460500 0.000990 0.220912 0.975293 0.000000 0.000000 0.000000 0.000000 1.000000</float_array><technique_common><accessor source="#chest-Matrix-animation-output-transform-array" count="29" stride="16"><param type="float4x4"/></accessor></technique_common></source><source id="chest-Interpolations"><Name_array id="chest-Interpolations-array" count="29">
 LINEAR LINEAR LINEAR LINEAR LINEAR LINEAR LINEAR LINEAR LINEAR LINEAR LINEAR
LINEAR LINEAR LINEAR LINEAR LINEAR LINEAR LINEAR LINEAR LINEAR LINEAR LINEAR LINEAR
LINEAR LINEAR LINEAR LINEAR LINEAR LINEAR</Name_array><technique_common><accessor source="#chest-Interpolations-array" count="29"><param type="name"/></accessor></technique_common></source><sampler id="chest-Matrix-animation-transform"><input semantic="INPUT" source="#chest-Matrix-animation-input"/><input semantic="OUTPUT" source="#chest-Matrix-animation-output-transform"/><input semantic="INTERPOLATION" source="#chest-Interpolations"/></sampler><channel source="#chest-Matrix-animation-transform" target="chest/matrix"/></animation>
    <animation id="neck-anim" name="neck"><source id="neck-Matrix-animation-input"><float_array id="neck-Matrix-animation-input-array" count="29">

0.000000 0.033333 0.066667 0.100000 0.133333 0.166667 0.200000 0.233333 0.266667 0.300000 0.333333 0.366667 0.400000 0.433333 0.466667 0.500000
0.533333 0.566667 0.600000 0.633333 0.666667 0.700000 0.733333 0.766667 0.800000 0.833333 0.866667 0.900000 0.933333</float_array><technique_common><accessor source="#neck-Matrix-animation-input-array" count="29"><param name="TIME" type="float"/></accessor></technique_common></source><source id="neck-Matrix-animation-output-transform"><float_array id="neck-Matrix-animation-output-transform-array" count="464">

0.999968 -0.007957 0.001248 0.000000 0.007689 0.896997 -0.441971 0.867400 0.002398 0.441966 0.897029 0.000000 0.000000 0.000000 0.000000 1.000000
0.999941 0.001779 0.010684 0.000000 0.003108 0.897815 -0.440362 0.867400 -0.010376 0.440369 0.897757 0.000000 0.000000 0.000000 0.000000 1.000000
0.999471 0.017507 0.027423 -0.000000 -0.003548 0.896508 -0.443013 0.867400 -0.032340 0.442681 0.896096 0.000000 0.000000 0.000000 0.000000 1.000000
0.998048 0.037279 0.050105 0.000000 -0.010769 0.893009 -0.449910 0.867400 -0.061516 0.448492 0.891667 0.000000 0.000000 0.000000 0.000000 1.000000
0.995491 0.057504 0.075435 0.000000 -0.016489 0.888083 -0.459387 0.867400 -0.093409 0.456072 0.885027 0.000000 0.000000 0.000000 0.000000 1.000000
0.992328 0.074286 0.098823 0.000000 -0.019426 0.883104 -0.468775 0.867400 -0.122094 0.463259 0.877772 0.000000 0.000000 0.000000 0.000000 1.000000
0.989503 0.085540 0.116473 -0.000000 -0.019982 0.879235 -0.475970 0.867400 -0.143122 0.468646 0.871715 0.000000 0.000000 0.000000 0.000000 1.000000
0.987637 0.091650 0.127176 0.000000 -0.019555 0.876976 -0.480137 0.867400 -0.155535 0.471714 0.867926 0.000000 0.000000 0.000000 0.000000 1.000000
0.986706 0.094437 0.132262 0.000000 -0.019280 0.876112 -0.481722 0.867400 -0.161369 0.472768 0.866286 0.000000 0.000000 0.000000 0.000000 1.000000
0.986443 0.095410 0.133516 0.000000 -0.019478 0.875934 -0.482037 0.867400 -0.162942 0.472901 0.865918 0.000000 0.000000 0.000000 0.000000 1.000000
0.986672 0.095211 0.131960 0.000000 -0.019983 0.875710 -0.482423 0.867400 -0.161491 0.473357 0.865941 0.000000 0.000000 0.000000 0.000000 1.000000
0.987254 0.094093 0.128360 -0.000000 -0.020601 0.875285 -0.483168 0.867400 -0.157814 0.474365 0.866067 0.000000 0.000000 0.000000 0.000000 1.000000
0.988068 0.091816 0.123661 -0.000000 -0.020857 0.875255 -0.483211 0.867400 -0.152602 0.474866 0.866726 0.000000 0.000000 0.000000 0.000000 1.000000
0.989087 0.087436 0.118583 0.000000 -0.019737 0.876243 -0.481465 0.867400 -0.146005 0.473870 0.868406 0.000000 0.000000 0.000000 0.000000 1.000000
0.990331 0.080525 0.112957 0.000000 -0.016833 0.878013 -0.478341 0.867400 -0.137696 0.471814 0.870879 0.000000 0.000000 0.000000 0.000000 1.000000
0.991750 0.072359 0.105811 0.000000 -0.013473 0.879716 -0.475308 0.867400 -0.127476 0.469961 0.873434 0.000000 0.000000 0.000000 0.000000 1.000000
0.993239 0.064508 0.096510 0.000000 -0.011265 0.881022 -0.472942 0.867400 -0.115536 0.468657 0.875792 0.000000 0.000000 0.000000 0.000000 1.000000
0.994713 0.056767 0.085575 0.000000 -0.009906 0.882473 -0.470259 0.867400 -0.102213 0.466925 0.878370 0.000000 0.000000 0.000000 0.000000 1.000000
0.996113 0.047781 0.073997 -0.000000 -0.007804 0.884659 -0.466174 0.867400 -0.087737 0.463785 0.881593 0.000000 0.000000 0.000000 0.000000 1.000000
0.997371 0.037051 0.062269 0.000000 -0.004203 0.887518 -0.460753 0.867400 -0.072336 0.459280 0.885341 0.000000 0.000000 0.000000 0.000000 1.000000
0.998406 0.025348 0.050433 0.000000 0.000366 0.890563 -0.454860 0.867400 -0.056444 0.454153 0.889134 -0.000000 0.000000 0.000000 0.000000 1.000000
0.999156 0.013971 0.038637 0.000000 0.004888 0.893313 -0.449409 0.867400 -0.040794 0.449219 0.892490 0.000000 0.000000 0.000000 0.000000 1.000000
0.999613 0.004405 0.027470 0.000000 0.008289 0.895386 -0.445214 0.867400 -0.026557 0.445269 0.895003 0.000000 0.000000 0.000000 0.000000 1.000000
0.999838 -0.002072 0.017877 0.000000 0.009775 0.896559 -0.442816 0.867400 -0.015111 0.442919 0.896434 0.000000 0.000000 0.000000 0.000000 1.000000
0.999929 -0.005372 0.010655 0.000000 0.009528 0.896955 -0.442018 0.867400 -0.007183 0.442088 0.896943 -0.000000 0.000000 0.000000 0.000000 1.000000
0.999960 -0.006700 0.005949 0.000000 0.008639 0.896988 -0.441971 0.867400 -0.002375 0.442005 0.897010 0.000000 0.000000 0.000000 0.000000 1.000000
0.999968 -0.007325 0.003264 0.000000 0.008013 0.896992 -0.441973 0.867400 0.000310 0.441985 0.897022 -0.000000 0.000000 0.000000 0.000000 1.000000
0.999968 -0.007753 0.001870 0.000000 0.007781 0.896994 -0.441974 0.867400 0.001750 0.441974 0.897026 0.000000 0.000000 0.000000 0.000000 1.000000
0.999968 -0.007959 0.001266 0.000000 0.007698 0.896995 -0.441974 0.867400 0.002382 0.441969 0.897027 -0.000000 0.000000 0.000000 0.000000 1.000000</float_array><technique_common><accessor source="#neck-Matrix-animation-output-transform-array" count="29" stride="16"><param type="float4x4"/></accessor></technique_common></source><source id="neck-Interpolations"><Name_array id="neck-Interpolations-array" count="29">
 LINEAR LINEAR LINEAR LINEAR LINEAR LINEAR LINEAR LINEAR LINEAR LINEAR LINEAR
LINEAR LINEAR LINEAR LINEAR LINEAR LINEAR LINEAR LINEAR LINEAR LINEAR LINEAR LINEAR
LINEAR LINEAR LINEAR LINEAR LINEAR LINEAR</Name_array><technique_common><accessor source="#neck-Interpolations-array" count="29"><param type="name"/></accessor></technique_common></source><sampler id="neck-Matrix-animation-transform"><input semantic="INPUT" source="#neck-Matrix-animation-input"/><input semantic="OUTPUT" source="#neck-Matrix-animation-output-transform"/><input semantic="INTERPOLATION" source="#neck-Interpolations"/></sampler><channel source="#neck-Matrix-animation-transform" target="neck/matrix"/></animation>
    <animation id="shoulder.L-anim" name="shoulder.L"><source id="shoulder.L-Matrix-animation-input"><float_array id="shoulder.L-Matrix-animation-input-array" count="29">

0.000000 0.033333 0.066667 0.100000 0.133333 0.166667 0.200000 0.233333 0.266667 0.300000 0.333333 0.366667 0.400000 0.433333 0.466667 0.500000
0.533333 0.566667 0.600000 0.633333 0.666667 0.700000 0.733333 0.766667 0.800000 0.833333 0.866667 0.900000 0.933333</float_array><technique_common><accessor source="#shoulder.L-Matrix-animation-input-array" count="29"><param name="TIME" type="float"/></accessor></technique_common></source><source id="shoulder.L-Matrix-animation-output-transform"><float_array id="shoulder.L-Matrix-animation-output-transform-array" count="464">

0.041884 0.980848 0.190216 0.059900 -0.124309 -0.183788 0.975074 0.654700 0.991359 -0.064486 0.114231 0.179400 0.000000 0.000000 0.000000 1.000000
0.039522 0.980178 0.194135 0.059900 -0.124806 -0.187923 0.974222 0.654700 0.991394 -0.062732 0.114905 0.179400 0.000000 0.000000 0.000000 1.000000
0.036246 0.979009 0.200570 0.059900 -0.125655 -0.194644 0.972792 0.654700 0.991412 -0.060462 0.115962 0.179400 0.000000 0.000000 0.000000 1.000000
0.033454 0.977479 0.208362 0.059900 -0.126700 -0.202649 0.971020 0.654700 0.991377 -0.058884 0.117067 0.179400 0.000000 0.000000 0.000000 1.000000
0.032342 0.975854 0.216015 0.059900 -0.127785 -0.210317 0.969246 0.654700 0.991274 -0.058951 0.117897 0.179400 0.000000 0.000000 0.000000 1.000000
0.032886 0.974245 0.223082 0.059900 -0.128915 -0.217203 0.967576 0.654700 0.991110 -0.060578 0.118452 0.179400 0.000000 0.000000 0.000000 1.000000
0.034260 0.972487 0.230426 0.059900 -0.130224 -0.224252 0.965791 0.654700 0.990893 -0.063095 0.118958 0.179400 0.000000 0.000000 0.000000 1.000000
0.035602 0.970459 0.238625 0.059900 -0.131671 -0.232140 0.963729 0.654700 0.990654 -0.065730 0.119517 0.179400 0.000000 0.000000 0.000000 1.000000
0.036100 0.968314 0.247115 0.059900 -0.133025 -0.240420 0.961511 0.654700 0.990455 -0.067583 0.120131 0.179400 0.000000 0.000000 0.000000 1.000000
0.036200 0.966160 0.255391 0.059900 -0.134557 -0.248519 0.959235 0.654700 0.990244 -0.069089 0.121007 0.179400 0.000000 0.000000 0.000000 1.000000
0.039381 0.963647 0.264260 0.059900 -0.137739 -0.256705 0.956624 0.654700 0.989685 -0.074072 0.122622 0.179400 0.000000 0.000000 0.000000 1.000000
0.050405 0.960130 0.274972 0.059900 -0.144432 -0.265420 0.953253 0.654700 0.988230 -0.087763 0.125295 0.179400 0.000000 0.000000 0.000000 1.000000
0.070876 0.955305 0.286998 0.059900 -0.154993 -0.273680 0.949250 0.654700 0.985370 -0.111762 0.128668 0.179400 0.000000 0.000000 0.000000 1.000000
0.097661 0.949605 0.297846 0.059900 -0.167618 -0.279307 0.945459 0.654700 0.981003 -0.142259 0.131893 0.179400 0.000000 0.000000 0.000000 1.000000
0.125084 0.943789 0.305968 0.059900 -0.179922 -0.281699 0.942483 0.654700 0.975696 -0.172940 0.134572 0.179400 0.000000 0.000000 0.000000 1.000000
0.148596 0.938097 0.312881 0.059900 -0.191266 -0.283155 0.939809 0.654700 0.970225 -0.199495 0.137351 0.179400 0.000000 0.000000 0.000000 1.000000
