<?xml version="1.0" encoding="utf-8"?>
<COLLADA xmlns="http://www.collada.org/2005/11/COLLADASchema" version="1.4.1">
  <asset><contributor><author>Mixamo</author><authoring_tool>COLLADA Mixamo exporter</authoring_tool><comments></comments></contributor><created>2016-01-22T15:41:55Z</created><modified>2016-01-22T15:41:55Z</modified><revision></revision><title></title><unit meter="0.010000"/><up_axis>Y_UP</up_axis></asset>
  <library_animations>
    <animation id="free3dmodel_skeleton-anim" name="free3dmodel_skeleton"><source id="free3dmodel_skeleton-Matrix-animation-input"><float_array id="free3dmodel_skeleton-Matrix-animation-input-array" count="32">

0.000000 0.033333 0.066667 0.100000 0.133333 0.166667 0.200000 0.233333 0.266667 0.300000 0.333333 0.366667 0.400000 0.433333 0.466667 0.500000
0.533333 0.566667 0.600000 0.633333 0.666667 0.700000 0.733333 0.766667 0.800000 0.833333 0.866667 0.900000 0.933333 0.966667 1.000000 1.033333</float_array><technique_common><accessor source="#free3dmodel_skeleton-Matrix-animation-input-array" count="32"><param name="TIME" type="float"/></accessor></technique_common></source><source id="free3dmodel_skeleton-Matrix-animation-output-transform"><float_array id="free3dmodel_skeleton-Matrix-animation-output-transform-array" count="512">

40.395722 91.191212 -7.235229 26.108049 -0.732419 8.231436 99.657950 -9.965942 91.474856 -40.204556 3.993050 -13.215719 0.000000 0.000000 0.000000 1.000000
37.143854 92.451997 -8.541799 11.501099 0.371805 9.051801 99.588788 -9.517944 92.845010 -37.022873 3.018447 -8.755066 0.000000 0.000000 0.000000 1.000000
33.260260 93.828482 -9.485307 -4.616615 0.076440 10.031109 99.495583 -11.260010 94.306677 -33.099740 3.264650 -8.205893 0.000000 0.000000 0.000000 1.000000
26.878931 95.837128 -9.631608 -23.998302 -1.362124 10.376811 99.450824 -15.383606 96.310268 -26.600124 4.094597 -9.784084 0.000000 0.000000 0.000000 1.000000
18.994282 97.727828 -9.406857 -45.916904 -3.726132 10.291939 99.399155 -22.254395 98.108782 -18.529644 5.596347 -13.876377 0.000000 0.000000 0.000000 1.000000
12.247500 98.812745 -9.275783 -66.866409 -5.957827 10.061291 99.314021 -28.333038 99.068174 -11.610850 7.119349 -18.692684 0.000000 0.000000 0.000000 1.000000
9.264514 99.109470 -9.564604 -85.843933 -6.563612 10.192913 99.262397 -34.284302 99.353348 -8.568396 7.449485 -20.081734 0.000000 0.000000 0.000000 1.000000
10.719250 98.878247 -10.401435 -103.226662 -3.135271 10.792680 99.366434 -37.365662 99.374382 -10.325223 4.256995 -9.940720 0.000000 0.000000 0.000000 1.000000
14.213558 98.372957 -10.987999 -122.649765 -0.107357 11.116016 99.380193 -39.319794 98.984662 -14.113665 1.685591 -1.674215 0.000000 0.000000 0.000000 1.000000
19.376078 97.392820 -11.798566 -140.802490 3.701454 11.292174 99.291420 -38.074982 98.035029 -19.675501 -1.416970 7.939733 0.000000 0.000000 0.000000 1.000000
25.139724 95.971697 -12.547019 -157.939087 6.599466 11.233506 99.147644 -33.157928 96.563147 -25.753480 -3.509547 14.641454 0.000000 0.000000 0.000000 1.000000
30.078511 94.448626 -13.218938 -173.520782 8.717234 11.079989 99.001231 -27.783936 94.969958 -30.930422 -4.900612 19.266972 0.000000 0.000000 0.000000 1.000000
33.708754 93.149794 -13.668789 -189.067062 9.363378 11.129561 98.936646 -22.551666 93.680558 -34.630172 -4.970331 18.670206 0.000000 0.000000 0.000000 1.000000
37.349156 91.764267 -13.577914 -207.221817 7.710074 11.515646 99.035068 -17.187225 92.442389 -38.035630 -2.774096 10.168228 0.000000 0.000000 0.000000 1.000000
39.665913 90.772279 -13.675113 -224.693237 5.781454 12.397287 99.059992 -11.710449 91.614355 -40.083671 -0.330461 1.233257 0.000000 0.000000 0.000000 1.000000
40.336510 90.493399 -13.561367 -242.442352 4.010718 13.057820 99.062644 -7.351898 91.415973 -40.502322 1.637634 -4.753204 0.000000 0.000000 0.000000 1.000000
40.756879 90.316961 -13.480481 -259.930145 2.915140 13.467861 99.046043 -4.914337 91.270909 -40.761051 2.856214 -7.513248 0.000000 0.000000 0.000000 1.000000
41.527965 89.888965 -13.978630 -275.931732 3.267130 13.882642 98.977766 -4.605042 90.910692 -41.560152 2.828390 -6.480267 0.000000 0.000000 0.000000 1.000000
42.891490 89.077431 -15.017701 -290.844391 4.887833 14.311711 98.849805 -6.383606 90.202157 -43.132195 1.784549 -2.398453 0.000000 0.000000 0.000000 1.000000
45.429166 87.656000 -15.893915 -307.907684 7.496240 14.016571 98.728629 -12.269623 88.769349 -46.043038 -0.203293 4.613537 0.000000 0.000000 0.000000 1.000000
47.821627 86.320500 -16.182187 -326.777161 9.509937 13.227670 98.664025 -18.040558 87.307807 -48.721658 -1.883338 10.658195 0.000000 0.000000 0.000000 1.000000
48.662146 85.854328 -16.156418 -345.639496 10.150130 12.812229 98.655064 -22.869537 86.769640 -49.647569 -2.479620 12.799385 0.000000 0.000000 0.000000 1.000000
48.518870 86.214956 -14.591111 -370.625793 8.386397 12.021727 98.919899 -27.718872 87.037851 -49.218486 -1.397523 8.908069 0.000000 0.000000 0.000000 1.000000
48.735105 86.525293 -11.758534 -401.835510 4.861703 10.756360 99.300879 -32.041107 87.185167 -48.966053 1.035520 -0.180441 0.000000 0.000000 0.000000 1.000000
48.813060 86.644144 -10.491782 -427.482422 2.149224 10.824272 99.389215 -34.567017 87.250593 -48.740409 3.421482 -9.718388 0.000000 0.000000 0.000000 1.000000
48.536420 86.860858 -9.970327 -450.080292 0.447047 11.156922 99.374661 -35.343506 87.430064 -48.277474 5.026862 -16.560905 0.000000 0.000000 0.000000 1.000000
49.133089 86.699030 -8.319721 -476.095795 -1.792225 10.556594 99.425079 -33.027161 87.078858 -48.701504 6.740623 -23.546419 0.000000 0.000000 0.000000 1.000000
49.144400 86.790027 -7.233199 -499.114288 -3.021905 9.999676 99.452876 -28.936615 87.038474 -48.656939 7.536993 -26.958031 0.000000 0.000000 0.000000 1.000000
46.976772 88.006481 -6.931256 -518.971497 -3.117400 9.500408 99.498865 -23.315491 88.223947 -46.525279 7.206499 -25.925482 0.000000 0.000000 0.000000 1.000000
44.510892 89.307548 -6.553045 -539.298584 -3.017732 8.809770 99.565462 -17.547211 89.496781 -44.119722 6.616369 -23.478966 0.000000 0.000000 0.000000 1.000000
42.694140 90.191963 -6.528412 -558.300537 -2.290871 8.295924 99.628959 -12.757935 90.398907 -42.386170 5.608055 -19.449154 0.000000 0.000000 0.000000 1.000000
40.395710 91.191218 -7.235214 -574.756592 -0.732410 8.231415 99.657952 -9.965942 91.474861 -40.204546 3.993032 -13.215692 0.000000 0.000000 0.000000 1.000000</float_array><technique_common><accessor source="#free3dmodel_skeleton-Matrix-animation-output-transform-array" count="32" stride="16"><param type="float4x4"/></accessor></technique_common></source><source id="free3dmodel_skeleton-Interpolations"><Name_array id="free3dmodel_skeleton-Interpolations-array" count="32">
 LINEAR LINEAR LINEAR LINEAR LINEAR LINEAR LINEAR LINEAR LINEAR LINEAR LINEAR
LINEAR LINEAR LINEAR LINEAR LINEAR LINEAR LINEAR LINEAR LINEAR LINEAR LINEAR LINEAR
LINEAR LINEAR LINEAR LINEAR LINEAR LINEAR LINEAR LINEAR LINEAR</Name_array><technique_common><accessor source="#free3dmodel_skeleton-Interpolations-array" count="32"><param type="name"/></accessor></technique_common></source><sampler id="free3dmodel_skeleton-Matrix-animation-transform"><input semantic="INPUT" source="#free3dmodel_skeleton-Matrix-animation-input"/><input semantic="OUTPUT" source="#free3dmodel_skeleton-Matrix-animation-output-transform"/><input semantic="INTERPOLATION" source="#free3dmodel_skeleton-Interpolations"/></sampler><channel source="#free3dmodel_skeleton-Matrix-animation-transform" target="free3dmodel_skeleton/matrix"/></animation>
    <animation id="hips-anim" name="hips"><source id="hips-Matrix-animation-input"><float_array id="hips-Matrix-animation-input-array" count="32">

0.000000 0.033333 0.066667 0.100000 0.133333 0.166667 0.200000 0.233333 0.266667 0.300000 0.333333 0.366667 0.400000 0.433333 0.466667 0.500000
0.533333 0.566667 0.600000 0.633333 0.666667 0.700000 0.733333 0.766667 0.800000 0.833333 0.866667 0.900000 0.933333 0.966667 1.000000 1.033333</float_array><technique_common><accessor source="#hips-Matrix-animation-input-array" count="32"><param name="TIME" type="float"/></accessor></technique_common></source><source id="hips-Matrix-animation-output-transform"><float_array id="hips-Matrix-animation-output-transform-array" count="512">

1.000000 0.000000 0.000000 0.000000 -0.000000 0.000234 -1.000000 0.052000 0.000000 1.000000 0.000234 3.016600 0.000000 0.000000 0.000000 1.000000
1.000000 -0.000000 0.000000 0.000000 -0.000000 0.000234 -1.000000 0.052000 0.000000 1.000000 0.000234 3.016600 0.000000 0.000000 0.000000 1.000000
1.000000 -0.000000 -0.000000 0.000000 -0.000000 0.000234 -1.000000 0.052000 -0.000000 1.000000 0.000234 3.016600 0.000000 0.000000 0.000000 1.000000
1.000000 0.000000 0.000000 0.000000 0.000000 0.000234 -1.000000 0.052000 0.000000 1.000000 0.000234 3.016600 0.000000 0.000000 0.000000 1.000000
1.000000 0.000000 0.000000 0.000000 0.000000 0.000234 -1.000000 0.052000 0.000000 1.000000 0.000234 3.016600 0.000000 0.000000 0.000000 1.000000
1.000000 -0.000000 -0.000000 0.000000 -0.000000 0.000234 -1.000000 0.052000 -0.000000 1.000000 0.000234 3.016600 0.000000 0.000000 0.000000 1.000000
1.000000 0.000000 -0.000000 -0.000000 -0.000000 0.000234 -1.000000 0.052000 0.000000 1.000000 0.000234 3.016600 0.000000 0.000000 0.000000 1.000000
1.000000 0.000000 0.000000 0.000000 0.000000 0.000234 -1.000000 0.052000 0.000000 1.000000 0.000234 3.016600 0.000000 0.000000 0.000000 1.000000
1.000000 -0.000000 0.000000 -0.000000 -0.000000 0.000234 -1.000000 0.052000 0.000000 1.000000 0.000234 3.016600 0.000000 0.000000 0.000000 1.000000
1.000000 -0.000000 0.000000 0.000000 0.000000 0.000234 -1.000000 0.052000 0.000000 1.000000 0.000234 3.016600 0.000000 0.000000 0.000000 1.000000
1.000000 -0.000000 0.000000 0.000000 0.000000 0.000234 -1.000000 0.052000 -0.000000 1.000000 0.000234 3.016600 0.000000 0.000000 0.000000 1.000000
1.000000 -0.000000 0.000000 0.000000 0.000000 0.000234 -1.000000 0.052000 -0.000000 1.000000 0.000234 3.016600 0.000000 0.000000 0.000000 1.000000
1.000000 -0.000000 0.000000 -0.000000 0.000000 0.000234 -1.000000 0.052000 0.000000 1.000000 0.000234 3.016600 0.000000 0.000000 0.000000 1.000000
1.000000 -0.000000 -0.000000 -0.000000 0.000000 0.000234 -1.000000 0.052000 0.000000 1.000000 0.000234 3.016600 0.000000 0.000000 0.000000 1.000000
1.000000 0.000000 0.000000 0.000000 -0.000000 0.000234 -1.000000 0.052000 0.000000 1.000000 0.000234 3.016600 0.000000 0.000000 0.000000 1.000000
1.000000 0.000000 0.000000 0.000000 -0.000000 0.000234 -1.000000 0.052000 0.000000 1.000000 0.000234 3.016600 0.000000 0.000000 0.000000 1.000000
1.000000 0.000000 0.000000 0.000000 0.000000 0.000234 -1.000000 0.052000 -0.000000 1.000000 0.000234 3.016600 0.000000 0.000000 0.000000 1.000000
1.000000 -0.000000 -0.000000 0.000000 0.000000 0.000234 -1.000000 0.052000 -0.000000 1.000000 0.000234 3.016600 0.000000 0.000000 0.000000 1.000000
1.000000 0.000000 0.000000 0.000000 -0.000000 0.000234 -1.000000 0.052000 0.000000 1.000000 0.000234 3.016600 0.000000 0.000000 0.000000 1.000000
1.000000 0.000000 0.000000 0.000000 0.000000 0.000234 -1.000000 0.052000 0.000000 1.000000 0.000234 3.016600 0.000000 0.000000 0.000000 1.000000
1.000000 0.000000 0.000000 -0.000000 0.000000 0.000234 -1.000000 0.052000 0.000000 1.000000 0.000234 3.016600 0.000000 0.000000 0.000000 1.000000
1.000000 0.000000 -0.000000 -0.000000 0.000000 0.000234 -1.000000 0.052000 0.000000 1.000000 0.000234 3.016600 0.000000 0.000000 0.000000 1.000000
1.000000 -0.000000 -0.000000 0.000000 0.000000 0.000234 -1.000000 0.052000 0.000000 1.000000 0.000234 3.016600 0.000000 0.000000 0.000000 1.000000
1.000000 0.000000 0.000000 -0.000000 -0.000000 0.000234 -1.000000 0.052000 -0.000000 1.000000 0.000234 3.016600 0.000000 0.000000 0.000000 1.000000
1.000000 -0.000000 0.000000 0.000000 0.000000 0.000234 -1.000000 0.052000 0.000000 1.000000 0.000234 3.016600 0.000000 0.000000 0.000000 1.000000
1.000000 -0.000000 0.000000 0.000000 0.000000 0.000234 -1.000000 0.052000 0.000000 1.000000 0.000234 3.016600 0.000000 0.000000 0.000000 1.000000
1.000000 0.000000 0.000000 0.000000 -0.000000 0.000234 -1.000000 0.052000 0.000000 1.000000 0.000234 3.016600 0.000000 0.000000 0.000000 1.000000
1.000000 0.000000 0.000000 0.000000 0.000000 0.000234 -1.000000 0.052000 0.000000 1.000000 0.000234 3.016600 0.000000 0.000000 0.000000 1.000000
1.000000 0.000000 0.000000 -0.000000 0.000000 0.000234 -1.000000 0.052000 -0.000000 1.000000 0.000234 3.016600 0.000000 0.000000 0.000000 1.000000
1.000000 -0.000000 0.000000 0.000000 -0.000000 0.000234 -1.000000 0.052000 0.000000 1.000000 0.000234 3.016600 0.000000 0.000000 0.000000 1.000000
1.000000 0.000000 0.000000 0.000000 0.000000 0.000234 -1.000000 0.052000 0.000000 1.000000 0.000234 3.016600 0.000000 0.000000 0.000000 1.000000
1.000000 -0.000000 0.000000 -0.000000 -0.000000 0.000234 -1.000000 0.052000 0.000000 1.000000 0.000234 3.016600 0.000000 0.000000 0.000000 1.000000</float_array><technique_common><accessor source="#hips-Matrix-animation-output-transform-array" count="32" stride="16"><param type="float4x4"/></accessor></technique_common></source><source id="hips-Interpolations"><Name_array id="hips-Interpolations-array" count="32">
 LINEAR LINEAR LINEAR LINEAR LINEAR LINEAR LINEAR LINEAR LINEAR LINEAR LINEAR
LINEAR LINEAR LINEAR LINEAR LINEAR LINEAR LINEAR LINEAR LINEAR LINEAR LINEAR LINEAR
LINEAR LINEAR LINEAR LINEAR LINEAR LINEAR LINEAR LINEAR LINEAR</Name_array><technique_common><accessor source="#hips-Interpolations-array" count="32"><param type="name"/></accessor></technique_common></source><sampler id="hips-Matrix-animation-transform"><input semantic="INPUT" source="#hips-Matrix-animation-input"/><input semantic="OUTPUT" source="#hips-Matrix-animation-output-transform"/><input semantic="INTERPOLATION" source="#hips-Interpolations"/></sampler><channel source="#hips-Matrix-animation-transform" target="hips/matrix"/></animation>
    <animation id="abdomen-anim" name="abdomen"><source id="abdomen-Matrix-animation-input"><float_array id="abdomen-Matrix-animation-input-array" count="32">

0.000000 0.033333 0.066667 0.100000 0.133333 0.166667 0.200000 0.233333 0.266667 0.300000 0.333333 0.366667 0.400000 0.433333 0.466667 0.500000
0.533333 0.566667 0.600000 0.633333 0.666667 0.700000 0.733333 0.766667 0.800000 0.833333 0.866667 0.900000 0.933333 0.966667 1.000000 1.033333</float_array><technique_common><accessor source="#abdomen-Matrix-animation-input-array" count="32"><param name="TIME" type="float"/></accessor></technique_common></source><source id="abdomen-Matrix-animation-output-transform"><float_array id="abdomen-Matrix-animation-output-transform-array" count="512">

0.991757 0.009210 0.127801 -0.000000 0.005382 0.993539 -0.113368 0.491500 -0.128019 0.113121 0.985299 -0.000000 0.000000 0.000000 0.000000 1.000000
0.988070 0.026090 0.151781 -0.000000 -0.009122 0.993730 -0.111436 0.491500 -0.153737 0.108722 0.982112 -0.000000 0.000000 0.000000 0.000000 1.000000
0.982366 0.028328 0.184810 0.000000 -0.008891 0.994415 -0.105162 0.491500 -0.186757 0.101664 0.977132 -0.000000 0.000000 0.000000 0.000000 1.000000
0.970468 0.027580 0.239646 0.000000 -0.003508 0.994951 -0.100300 0.491500 -0.241203 0.096498 0.965665 -0.000000 0.000000 0.000000 0.000000 1.000000
0.953244 0.023606 0.301279 -0.000000 0.004401 0.995754 -0.091945 0.491500 -0.302170 0.088972 0.949093 0.000000 0.000000 0.000000 0.000000 1.000000
0.936344 0.019132 0.350563 0.000000 0.013354 0.995851 -0.090017 0.491500 -0.350831 0.088968 0.932203 0.000000 0.000000 0.000000 0.000000 1.000000
0.927394 0.022982 0.373379 0.000000 0.012391 0.995676 -0.092061 0.491500 -0.373881 0.090004 0.923099 -0.000000 0.000000 0.000000 0.000000 1.000000
0.930976 0.058944 0.360291 0.000000 -0.024183 0.994669 -0.100241 0.491500 -0.364279 0.084609 0.927439 -0.000000 0.000000 0.000000 0.000000 1.000000
0.935172 0.084214 0.344036 0.000000 -0.051336 0.993294 -0.103598 0.491500 -0.350453 0.079221 0.933224 0.000000 0.000000 0.000000 0.000000 1.000000
0.940081 0.116918 0.320278 0.000000 -0.085015 0.990077 -0.111893 0.491500 -0.330182 0.077960 0.940692 0.000000 0.000000 0.000000 0.000000 1.000000
0.952349 0.130219 0.275815 -0.000000 -0.100159 0.987653 -0.120461 0.491500 -0.288096 0.087095 0.953633 0.000000 0.000000 0.000000 0.000000 1.000000
0.966725 0.129157 0.220822 0.000000 -0.103257 0.986756 -0.125099 0.491500 -0.234055 0.098135 0.967258 -0.000000 0.000000 0.000000 0.000000 1.000000
0.975559 0.122715 0.182279 0.000000 -0.100174 0.986685 -0.128133 0.491500 -0.195576 0.106742 0.974862 0.000000 0.000000 0.000000 0.000000 1.000000
0.983507 0.096731 0.152833 0.000000 -0.077703 0.988992 -0.125925 0.491500 -0.163332 0.111973 0.980196 -0.000000 0.000000 0.000000 0.000000 1.000000
0.988694 0.067099 0.134099 0.000000 -0.050828 0.991317 -0.121274 0.491500 -0.141072 0.113086 0.983519 0.000000 0.000000 0.000000 0.000000 1.000000
0.991301 0.041290 0.124967 0.000000 -0.026480 0.992668 -0.117936 0.491500 -0.128920 0.113601 0.985127 -0.000000 0.000000 0.000000 0.000000 1.000000
0.993061 0.024477 0.115027 0.000000 -0.011130 0.993271 -0.115274 0.491500 -0.117075 0.113194 0.986651 0.000000 0.000000 0.000000 0.000000 1.000000
0.994754 0.024285 0.099372 0.000000 -0.012883 0.993418 -0.113816 0.491500 -0.101482 0.111938 0.988520 0.000000 0.000000 0.000000 0.000000 1.000000
0.996442 0.037083 0.075686 0.000000 -0.028575 0.993459 -0.110554 0.491500 -0.079291 0.107998 0.990984 0.000000 0.000000 0.000000 0.000000 1.000000
0.997469 0.055836 0.044015 0.000000 -0.050885 0.993005 -0.106541 0.491500 -0.049656 0.104032 0.993334 0.000000 0.000000 0.000000 0.000000 1.000000
0.997804 0.062668 0.021459 0.000000 -0.060028 0.992439 -0.107063 0.491500 -0.028006 0.105539 0.994021 -0.000000 0.000000 0.000000 0.000000 1.000000
0.998249 0.057314 0.014600 -0.000000 -0.055384 0.992466 -0.109293 0.491500 -0.020754 0.108293 0.993902 0.000000 0.000000 0.000000 0.000000 1.000000
0.999174 0.035502 0.019777 0.000000 -0.033069 0.993146 -0.112102 0.491500 -0.023621 0.111355 0.993500 0.000000 0.000000 0.000000 0.000000 1.000000
0.999555 0.003419 0.029634 0.000000 -0.000097 0.993776 -0.111399 0.491500 -0.029831 0.111346 0.993334 0.000000 0.000000 0.000000 0.000000 1.000000
0.999016 -0.020004 0.039595 0.000000 0.024025 0.994306 -0.103821 0.491500 -0.037293 0.104670 0.993808 -0.000000 0.000000 0.000000 0.000000 1.000000
0.998388 -0.033056 0.046148 0.000000 0.037610 0.994117 -0.101573 0.491500 -0.042519 0.103145 0.993757 0.000000 0.000000 0.000000 0.000000 1.000000
0.997476 -0.049100 0.051299 0.000000 0.054328 0.992875 -0.106051 0.491500 -0.045726 0.108570 0.993037 -0.000000 0.000000 0.000000 0.000000 1.000000
0.996602 -0.052365 0.063577 0.000000 0.059037 0.992391 -0.108046 0.491500 -0.057435 0.111432 0.992111 -0.000000 0.000000 0.000000 0.000000 1.000000
0.995543 -0.040254 0.085290 0.000000 0.049480 0.992812 -0.108978 0.491500 -0.080290 0.112713 0.990378 0.000000 0.000000 0.000000 0.000000 1.000000
0.994263 -0.027470 0.103380 0.000000 0.038888 0.993159 -0.110109 0.491500 -0.099648 0.113497 0.988529 0.000000 0.000000 0.000000 0.000000 1.000000
0.993361 -0.012502 0.114355 0.000000 0.025376 0.993404 -0.111827 0.491500 -0.112202 0.113987 0.987126 0.000000 0.000000 0.000000 0.000000 1.000000
0.991757 0.009210 0.127801 0.000000 0.005382 0.993539 -0.113368 0.491500 -0.128020 0.113121 0.985299 0.000000 0.000000 0.000000 0.000000 1.000000</float_array><technique_common><accessor source="#abdomen-Matrix-animation-output-transform-array" count="32" stride="16"><param type="float4x4"/></accessor></technique_common></source><source id="abdomen-Interpolations"><Name_array id="abdomen-Interpolations-array" count="32">
 LINEAR LINEAR LINEAR LINEAR LINEAR LINEAR LINEAR LINEAR LINEAR LINEAR LINEAR
LINEAR LINEAR LINEAR LINEAR LINEAR LINEAR LINEAR LINEAR LINEAR LINEAR LINEAR LINEAR
LINEAR LINEAR LINEAR LINEAR LINEAR LINEAR LINEAR LINEAR LINEAR</Name_array><technique_common><accessor source="#abdomen-Interpolations-array" count="32"><param type="name"/></accessor></technique_common></source><sampler id="abdomen-Matrix-animation-transform"><input semantic="INPUT" source="#abdomen-Matrix-animation-input"/><input semantic="OUTPUT" source="#abdomen-Matrix-animation-output-transform"/><input semantic="INTERPOLATION" source="#abdomen-Interpolations"/></sampler><channel source="#abdomen-Matrix-animation-transform" target="abdomen/matrix"/></animation>
    <animation id="abdomen2-anim" name="abdomen2"><source id="abdomen2-Matrix-animation-input"><float_array id="abdomen2-Matrix-animation-input-array" count="32">

0.000000 0.033333 0.066667 0.100000 0.133333 0.166667 0.200000 0.233333 0.266667 0.300000 0.333333 0.366667 0.400000 0.433333 0.466667 0.500000
0.533333 0.566667 0.600000 0.633333 0.666667 0.700000 0.733333 0.766667 0.800000 0.833333 0.866667 0.900000 0.933333 0.966667 1.000000 1.033333</float_array><technique_common><accessor source="#abdomen2-Matrix-animation-input-array" count="32"><param name="TIME" type="float"/></accessor></technique_common></source><source id="abdomen2-Matrix-animation-output-transform"><float_array id="abdomen2-Matrix-animation-output-transform-array" count="512">

0.996539 -0.012390 0.082194 0.000000 -0.001941 0.985091 0.172024 0.263800 -0.083100 -0.171588 0.981658 0.000000 0.000000 0.000000 0.000000 1.000000
0.995905 -0.005681 0.090222 -0.000000 -0.010165 0.984656 0.174209 0.263800 -0.089827 -0.174413 0.980567 0.000000 0.000000 0.000000 0.000000 1.000000
0.995092 -0.004781 0.098841 0.000000 -0.013049 0.983770 0.178960 0.263800 -0.098092 -0.179371 0.978879 0.000000 0.000000 0.000000 0.000000 1.000000
0.994179 -0.009318 0.107335 0.000000 -0.010618 0.982930 0.183674 0.263800 -0.107215 -0.183745 0.977109 0.000000 0.000000 0.000000 0.000000 1.000000
0.993109 -0.015210 0.116204 0.000000 -0.007032 0.982022 0.188633 0.263800 -0.116984 -0.188151 0.975148 0.000000 0.000000 0.000000 0.000000 1.000000
0.992213 -0.018573 0.123158 -0.000000 -0.005227 0.981739 0.190162 0.263800 -0.124441 -0.189325 0.973997 0.000000 0.000000 0.000000 0.000000 1.000000
0.991843 -0.015687 0.126494 0.000000 -0.008345 0.982278 0.187245 0.263800 -0.127190 -0.186774 0.974135 -0.000000 0.000000 0.000000 0.000000 1.000000
0.991702 -0.005983 0.128421 -0.000000 -0.018032 0.982568 0.185028 0.263800 -0.127289 -0.185808 0.974306 0.000000 0.000000 0.000000 0.000000 1.000000
0.991937 0.006039 0.126588 0.000000 -0.029771 0.982015 0.186440 0.263800 -0.123186 -0.188706 0.974277 -0.000000 0.000000 0.000000 0.000000 1.000000
0.992241 0.017523 0.123090 0.000000 -0.039998 0.982378 0.182574 0.263800 -0.117722 -0.186081 0.975457 0.000000 0.000000 0.000000 0.000000 1.000000
0.991719 0.023028 0.126346 0.000000 -0.045259 0.983346 0.176019 0.263800 -0.120188 -0.180280 0.976245 0.000000 0.000000 0.000000 0.000000 1.000000
0.991166 0.024318 0.130377 -0.000000 -0.046850 0.983869 0.172650 0.263800 -0.124075 -0.177233 0.976317 0.000000 0.000000 0.000000 0.000000 1.000000
0.992074 0.021475 0.123810 -0.000000 -0.042578 0.984452 0.170417 0.263800 -0.118225 -0.174338 0.977563 -0.000000 0.000000 0.000000 0.000000 1.000000
0.993720 0.015706 0.110787 0.000000 -0.034443 0.984962 0.169302 0.263800 -0.106462 -0.172055 0.979318 -0.000000 0.000000 0.000000 0.000000 1.000000
0.995133 0.009312 0.098097 -0.000000 -0.025931 0.985183 0.169533 0.263800 -0.095064 -0.171251 0.980630 -0.000000 0.000000 0.000000 0.000000 1.000000
0.996077 0.001878 0.088476 0.000000 -0.016940 0.985333 0.169801 0.263800 -0.086859 -0.170634 0.981499 0.000000 0.000000 0.000000 0.000000 1.000000
0.996586 -0.003997 0.082467 0.000000 -0.010151 0.985317 0.170433 0.263800 -0.081938 -0.170689 0.981912 -0.000000 0.000000 0.000000 0.000000 1.000000
0.996867 -0.006467 0.078829 0.000000 -0.007177 0.985144 0.171578 0.263800 -0.078768 -0.171606 0.982012 0.000000 0.000000 0.000000 0.000000 1.000000
0.997228 -0.003318 0.074331 0.000000 -0.009751 0.984561 0.174772 0.263800 -0.073763 -0.175013 0.981799 -0.000000 0.000000 0.000000 0.000000 1.000000
0.997685 0.004633 0.067849 0.000000 -0.016777 0.983608 0.179536 0.263800 -0.065905 -0.180259 0.981409 0.000000 0.000000 0.000000 0.000000 1.000000
0.998058 0.010478 0.061399 -0.000000 -0.021373 0.983511 0.179582 0.263800 -0.058505 -0.180546 0.981825 0.000000 0.000000 0.000000 0.000000 1.000000
0.998325 0.010722 0.056851 0.000000 -0.020675 0.983904 0.177499 0.263800 -0.054033 -0.178377 0.982477 -0.000000 0.000000 0.000000 0.000000 1.000000
0.998513 0.003310 0.054415 0.000000 -0.012785 0.984536 0.174716 0.263800 -0.052995 -0.175152 0.983114 0.000000 0.000000 0.000000 0.000000 1.000000
0.998497 -0.007125 0.054345 0.000000 -0.002416 0.984828 0.173516 0.263800 -0.054757 -0.173386 0.983330 0.000000 0.000000 0.000000 0.000000 1.000000
0.998256 -0.014220 0.057302 0.000000 0.003881 0.984266 0.176651 0.263800 -0.058912 -0.176120 0.982604 -0.000000 0.000000 0.000000 0.000000 1.000000
0.998052 -0.022524 0.058181 0.000000 0.011875 0.984091 0.177265 0.263800 -0.061248 -0.176229 0.982442 -0.000000 0.000000 0.000000 0.000000 1.000000
0.998019 -0.032763 0.053716 0.000000 0.022941 0.984442 0.174206 0.263800 -0.058588 -0.172628 0.983243 -0.000000 0.000000 0.000000 0.000000 1.000000
0.997866 -0.034384 0.055505 -0.000000 0.024292 0.984585 0.173212 0.263800 -0.060605 -0.171494 0.983319 0.000000 0.000000 0.000000 0.000000 1.000000
0.997357 -0.029985 0.066180 -0.000000 0.018118 0.984735 0.173113 0.263800 -0.070360 -0.171456 0.982676 0.000000 0.000000 0.000000 0.000000 1.000000
0.996931 -0.025920 0.073867 0.000000 0.012781 0.984825 0.173082 0.263800 -0.077232 -0.171607 0.982134 0.000000 0.000000 0.000000 0.000000 1.000000
0.996817 -0.020424 0.077063 0.000000 0.006852 0.984999 0.172424 0.263800 -0.079429 -0.171347 0.982004 0.000000 0.000000 0.000000 0.000000 1.000000
0.996539 -0.012390 0.082194 -0.000000 -0.001941 0.985091 0.172024 0.263800 -0.083100 -0.171588 0.981658 0.000000 0.000000 0.000000 0.000000 1.000000</float_array><technique_common><accessor source="#abdomen2-Matrix-animation-output-transform-array" count="32" stride="16"><param type="float4x4"/></accessor></technique_common></source><source id="abdomen2-Interpolations"><Name_array id="abdomen2-Interpolations-array" count="32">
 LINEAR LINEAR LINEAR LINEAR LINEAR LINEAR LINEAR LINEAR LINEAR LINEAR LINEAR
LINEAR LINEAR LINEAR LINEAR LINEAR LINEAR LINEAR LINEAR LINEAR LINEAR LINEAR LINEAR
LINEAR LINEAR LINEAR LINEAR LINEAR LINEAR LINEAR LINEAR LINEAR</Name_array><technique_common><accessor source="#abdomen2-Interpolations-array" count="32"><param type="name"/></accessor></technique_common></source><sampler id="abdomen2-Matrix-animation-transform"><input semantic="INPUT" source="#abdomen2-Matrix-animation-input"/><input semantic="OUTPUT" source="#abdomen2-Matrix-animation-output-transform"/><input semantic="INTERPOLATION" source="#abdomen2-Interpolations"/></sampler><channel source="#abdomen2-Matrix-animation-transform" target="abdomen2/matrix"/></animation>
    <animation id="chest-anim" name="chest"><source id="chest-Matrix-animation-input"><float_array id="chest-Matrix-animation-input-array" count="32">

0.000000 0.033333 0.066667 0.100000 0.133333 0.166667 0.200000 0.233333 0.266667 0.300000 0.333333 0.366667 0.400000 0.433333 0.466667 0.500000
0.533333 0.566667 0.600000 0.633333 0.666667 0.700000 0.733333 0.766667 0.800000 0.833333 0.866667 0.900000 0.933333 0.966667 1.000000 1.033333</float_array><technique_common><accessor source="#chest-Matrix-animation-input-array" count="32"><param name="TIME" type="float"/></accessor></technique_common></source><source id="chest-Matrix-animation-output-transform"><float_array id="chest-Matrix-animation-output-transform-array" count="512">

0.996504 0.004067 0.083451 -0.000000 0.018795 0.962302 -0.271331 0.460500 -0.081409 0.271951 0.958861 0.000000 0.000000 0.000000 0.000000 1.000000
0.995853 0.012354 0.090138 -0.000000 0.012384 0.963112 -0.268815 0.460500 -0.090134 0.268816 0.958965 0.000000 0.000000 0.000000 0.000000 1.000000
0.995014 0.015240 0.098560 -0.000000 0.011338 0.964564 -0.263604 0.460500 -0.099084 0.263407 0.959583 -0.000000 0.000000 0.000000 0.000000 1.000000
0.994088 0.012912 0.107807 -0.000000 0.015493 0.965876 -0.258541 0.460500 -0.107467 0.258683 0.959966 0.000000 0.000000 0.000000 0.000000 1.000000
0.993016 0.009565 0.117594 -0.000000 0.020697 0.967130 -0.253438 0.460500 -0.116153 0.254101 0.960178 -0.000000 0.000000 0.000000 0.000000 1.000000
0.992115 0.007855 0.125081 -0.000000 0.024065 0.967523 -0.251636 0.460500 -0.122995 0.252662 0.959705 0.000000 0.000000 0.000000 0.000000 1.000000
0.991743 0.011049 0.127761 0.000000 0.021986 0.966880 -0.254281 0.460500 -0.126339 0.254990 0.958654 0.000000 0.000000 0.000000 0.000000 1.000000
0.991614 0.020387 0.127616 -0.000000 0.013130 0.966475 -0.256426 0.460500 -0.128565 0.255951 0.958102 0.000000 0.000000 0.000000 0.000000 1.000000
0.991858 0.031407 0.123415 0.000000 0.001114 0.966935 -0.255022 0.460500 -0.127344 0.253083 0.959027 0.000000 0.000000 0.000000 0.000000 1.000000
0.992176 0.041669 0.117685 0.000000 -0.009830 0.965803 -0.259090 0.460500 -0.124457 0.255906 0.958657 0.000000 0.000000 0.000000 0.000000 1.000000
0.991660 0.047471 0.119820 -0.000000 -0.014071 0.964016 -0.265473 0.460500 -0.128111 0.261573 0.956644 0.000000 0.000000 0.000000 0.000000 1.000000
0.991116 0.049567 0.123419 0.000000 -0.014700 0.963099 -0.268747 0.460500 -0.132186 0.264546 0.955271 -0.000000 0.000000 0.000000 0.000000 1.000000
0.992035 0.045655 0.117398 0.000000 -0.012164 0.962371 -0.271467 0.460500 -0.125374 0.267877 0.955261 0.000000 0.000000 0.000000 0.000000 1.000000
0.993690 0.037472 0.105713 0.000000 -0.007204 0.961916 -0.273250 0.460500 -0.111926 0.270764 0.956117 0.000000 0.000000 0.000000 0.000000 1.000000
0.995107 0.028588 0.094581 -0.000000 -0.001634 0.961860 -0.273536 0.460500 -0.098793 0.272043 0.957200 0.000000 0.000000 0.000000 0.000000 1.000000
0.996046 0.019295 0.086714 0.000000 0.005179 0.961856 -0.273508 0.460500 -0.088684 0.272876 0.957953 0.000000 0.000000 0.000000 0.000000 1.000000
0.996556 0.012250 0.082013 0.000000 0.010643 0.961954 -0.273005 0.460500 -0.082237 0.272938 0.958510 0.000000 0.000000 0.000000 0.000000 1.000000
0.996850 0.009051 0.078793 0.000000 0.012769 0.962189 -0.272082 0.460500 -0.078276 0.272231 0.959043 0.000000 0.000000 0.000000 0.000000 1.000000
0.997233 0.011305 0.073479 0.000000 0.008925 0.963017 -0.269293 0.460500 -0.073806 0.269204 0.960251 -0.000000 0.000000 0.000000 0.000000 1.000000
0.997714 0.018054 0.065118 0.000000 -0.000149 0.964233 -0.265054 0.460500 -0.067574 0.264439 0.962032 0.000000 0.000000 0.000000 0.000000 1.000000
0.998091 0.022599 0.057479 0.000000 -0.006561 0.964182 -0.265159 0.460500 -0.061413 0.264276 0.962490 0.000000 0.000000 0.000000 0.000000 1.000000
0.998348 0.021893 0.053113 -0.000000 -0.006919 0.963629 -0.267153 0.460500 -0.057030 0.266344 0.962189 0.000000 0.000000 0.000000 0.000000 1.000000
0.998524 0.014073 0.052456 0.000000 0.000601 0.962924 -0.269772 0.460500 -0.054307 0.269405 0.961494 0.000000 0.000000 0.000000 0.000000 1.000000
0.998495 0.003705 0.054718 0.000000 0.011268 0.962573 -0.270787 0.460500 -0.053673 0.270996 0.961083 -0.000000 0.000000 0.000000 0.000000 1.000000
0.998236 -0.002878 0.059305 -0.000000 0.018665 0.963398 -0.267425 0.460500 -0.056365 0.268060 0.961752 0.000000 0.000000 0.000000 0.000000 1.000000
0.998013 -0.010958 0.062043 0.000000 0.027147 0.963447 -0.266521 0.460500 -0.056855 0.267676 0.961830 0.000000 0.000000 0.000000 0.000000 1.000000
0.997975 -0.021829 0.059742 0.000000 0.037180 0.962292 -0.269466 0.460500 -0.051607 0.271142 0.961155 0.000000 0.000000 0.000000 0.000000 1.000000
0.997831 -0.022985 0.061686 0.000000 0.038881 0.961932 -0.270510 0.460500 -0.053120 0.272321 0.960739 -0.000000 0.000000 0.000000 0.000000 1.000000
0.997332 -0.016483 0.071118 0.000000 0.035189 0.962077 -0.270498 0.460500 -0.063962 0.272279 0.960090 -0.000000 0.000000 0.000000 0.000000 1.000000
0.996909 -0.010864 0.077812 0.000000 0.031603 0.962185 -0.270557 0.460500 -0.071931 0.272180 0.959554 0.000000 0.000000 0.000000 0.000000 1.000000
0.996789 -0.004813 0.079931 0.000000 0.026385 0.962189 -0.271100 0.460500 -0.075604 0.272339 0.959227 -0.000000 0.000000 0.000000 0.000000 1.000000
0.996504 0.004067 0.083451 0.000000 0.018795 0.962302 -0.271331 0.460500 -0.081409 0.271951 0.958861 -0.000000 0.000000 0.000000 0.000000 1.000000</float_array><technique_common><accessor source="#chest-Matrix-animation-output-transform-array" count="32" stride="16"><param type="float4x4"/></accessor></technique_common></source><source id="chest-Interpolations"><Name_array id="chest-Interpolations-array" count="32">
 LINEAR LINEAR LINEAR LINEAR LINEAR LINEAR LINEAR LINEAR LINEAR LINEAR LINEAR
LINEAR LINEAR LINEAR LINEAR LINEAR LINEAR LINEAR LINEAR LINEAR LINEAR LINEAR LINEAR
LINEAR LINEAR LINEAR LINEAR LINEAR LINEAR LINEAR LINEAR LINEAR</Name_array><technique_common><accessor source="#chest-Interpolations-array" count="32"><param type="name"/></accessor></technique_common></source><sampler id="chest-Matrix-animation-transform"><input semantic="INPUT" source="#chest-Matrix-animation-input"/><input semantic="OUTPUT" source="#chest-Matrix-animation-output-transform"/><input semantic="INTERPOLATION" source="#chest-Interpolations"/></sampler><channel source="#chest-Matrix-animation-transform" target="chest/matrix"/></animation>
    <animation id="neck-anim" name="neck"><source id="neck-Matrix-animation-input"><float_array id="neck-Matrix-animation-input-array" count="32">

0.000000 0.033333 0.066667 0.100000 0.133333 0.166667 0.200000 0.233333 0.266667 0.300000 0.333333 0.366667 0.400000 0.433333 0.466667 0.500000
0.533333 0.566667 0.600000 0.633333 0.666667 0.700000 0.733333 0.766667 0.800000 0.833333 0.866667 0.900000 0.933333 0.966667 1.000000 1.033333</float_array><technique_common><accessor source="#neck-Matrix-animation-input-array" count="32"><param name="TIME" type="float"/></accessor></technique_common></source><source id="neck-Matrix-animation-output-transform"><float_array id="neck-Matrix-animation-output-transform-array" count="512">

0.994679 0.000155 0.103026 0.000000 0.044130 0.902976 -0.427419 0.867400 -0.093096 0.429692 0.898164 0.000000 0.000000 0.000000 0.000000 1.000000
0.994724 0.001263 0.102577 -0.000000 0.042992 0.902744 -0.428025 0.867400 -0.093141 0.430177 0.897927 0.000000 0.000000 0.000000 0.000000 1.000000
0.994858 0.006119 0.101096 0.000000 0.037903 0.903144 -0.427661 0.867400 -0.093921 0.429294 0.898268 0.000000 0.000000 0.000000 0.000000 1.000000
0.994889 0.010147 0.100460 0.000000 0.033633 0.904814 -0.424476 0.867400 -0.095205 0.425685 0.899849 0.000000 0.000000 0.000000 0.000000 1.000000
0.994727 0.009599 0.102112 0.000000 0.034356 0.906907 -0.419928 0.867400 -0.096637 0.421221 0.901795 -0.000000 0.000000 0.000000 0.000000 1.000000
0.994542 0.011039 0.103752 -0.000000 0.033114 0.909582 -0.414202 0.867400 -0.098943 0.415377 0.904252 0.000000 0.000000 0.000000 0.000000 1.000000
0.994452 0.013468 0.104327 0.000000 0.030856 0.910798 -0.411697 0.867400 -0.100565 0.412632 0.905329 0.000000 0.000000 0.000000 0.000000 1.000000
0.994459 0.011105 0.104533 0.000000 0.033064 0.910892 -0.411319 0.867400 -0.099786 0.412496 0.905478 0.000000 0.000000 0.000000 0.000000 1.000000
0.994643 0.010780 0.102809 0.000000 0.032759 0.910417 -0.412394 0.867400 -0.098044 0.413552 0.905186 -0.000000 0.000000 0.000000 0.000000 1.000000
0.994863 0.007369 0.100960 0.000000 0.035173 0.910044 -0.413017 0.867400 -0.094922 0.414446 0.905110 0.000000 0.000000 0.000000 0.000000 1.000000
0.995082 0.013445 0.098142 0.000000 0.028930 0.908108 -0.417736 0.867400 -0.094740 0.418521 0.903252 0.000000 0.000000 0.000000 0.000000 1.000000
0.994990 0.023079 0.097269 0.000000 0.020282 0.906150 -0.422470 0.867400 -0.097891 0.422327 0.901142 0.000000 0.000000 0.000000 0.000000 1.000000
0.994826 0.024275 0.098653 -0.000000 0.019735 0.906368 -0.422029 0.867400 -0.099661 0.421792 0.901199 0.000000 0.000000 0.000000 0.000000 1.000000
0.994725 0.024622 0.099577 0.000000 0.020147 0.904959 -0.425021 0.867400 -0.100579 0.424785 0.899690 -0.000000 0.000000 0.000000 0.000000 1.000000
0.994580 0.026589 0.100514 -0.000000 0.019323 0.902633 -0.429977 0.867400 -0.102160 0.429589 0.897227 0.000000 0.000000 0.000000 0.000000 1.000000
0.994457 0.028308 0.101266 0.000000 0.018077 0.902712 -0.429865 0.867400 -0.103583 0.429313 0.897196 0.000000 0.000000 0.000000 0.000000 1.000000
0.994383 0.026751 0.102408 0.000000 0.019627 0.904152 -0.426761 0.867400 -0.104008 0.426373 0.898548 0.000000 0.000000 0.000000 0.000000 1.000000
0.994298 0.023642 0.103987 0.000000 0.022559 0.906415 -0.421785 0.867400 -0.104227 0.421725 0.900713 -0.000000 0.000000 0.000000 0.000000 1.000000
0.994118 0.020669 0.106316 0.000000 0.025526 0.909258 -0.415450 0.867400 -0.105255 0.415720 0.903382 0.000000 0.000000 0.000000 0.000000 1.000000
0.993896 0.017778 0.108877 0.000000 0.028861 0.910653 -0.412162 0.867400 -0.106476 0.412789 0.904582 0.000000 0.000000 0.000000 0.000000 1.000000
0.993832 0.016332 0.109683 0.000000 0.030362 0.911223 -0.410792 0.867400 -0.106654 0.411589 0.905107 0.000000 0.000000 0.000000 0.000000 1.000000
0.993852 0.017732 0.109287 0.000000 0.028805 0.911687 -0.409876 0.867400 -0.106904 0.410504 0.905571 -0.000000 0.000000 0.000000 0.000000 1.000000
0.993885 0.021076 0.108393 0.000000 0.025621 0.910812 -0.412025 0.867400 -0.107409 0.412282 0.904702 0.000000 0.000000 0.000000 0.000000 1.000000
0.994012 0.021548 0.107125 0.000000 0.025077 0.909216 -0.415569 0.867400 -0.106355 0.415767 0.903231 -0.000000 0.000000 0.000000 0.000000 1.000000
0.994184 0.019876 0.105847 0.000000 0.026070 0.909177 -0.415593 0.867400 -0.104494 0.415935 0.903371 -0.000000 0.000000 0.000000 0.000000 1.000000
0.994256 0.021003 0.104947 0.000000 0.024356 0.910424 -0.412958 0.867400 -0.104220 0.413142 0.904683 -0.000000 0.000000 0.000000 0.000000 1.000000
0.994365 0.021042 0.103897 -0.000000 0.023691 0.911203 -0.411276 0.867400 -0.103325 0.411420 0.905570 0.000000 0.000000 0.000000 0.000000 1.000000
0.994607 0.015228 0.102594 0.000000 0.028435 0.911230 -0.410914 0.867400 -0.099744 0.411616 0.905883 0.000000 0.000000 0.000000 0.000000 1.000000
0.994769 0.007708 0.101855 0.000000 0.035208 0.910170 -0.412737 0.867400 -0.095887 0.414164 0.905137 -0.000000 0.000000 0.000000 0.000000 1.000000
0.994754 0.002956 0.102253 0.000000 0.040289 0.907474 -0.418172 0.867400 -0.094028 0.420098 0.902594 -0.000000 0.000000 0.000000 0.000000 1.000000
0.994699 0.001054 0.102824 -0.000000 0.042892 0.904550 -0.424204 0.867400 -0.093456 0.426365 0.899710 0.000000 0.000000 0.000000 0.000000 1.000000
0.994679 0.000155 0.103026 0.000000 0.044130 0.902976 -0.427419 0.867400 -0.093096 0.429692 0.898164 -0.000000 0.000000 0.000000 0.000000 1.000000</float_array><technique_common><accessor source="#neck-Matrix-animation-output-transform-array" count="32" stride="16"><param type="float4x4"/></accessor></technique_common></source><source id="neck-Interpolations"><Name_array id="neck-Interpolations-array" count="32">
 LINEAR LINEAR LINEAR LINEAR LINEAR LINEAR LINEAR LINEAR LINEAR LINEAR LINEAR
LINEAR LINEAR LINEAR LINEAR LINEAR LINEAR LINEAR LINEAR LINEAR LINEAR LINEAR LINEAR
LINEAR LINEAR LINEAR LINEAR LINEAR LINEAR LINEAR LINEAR LINEAR</Name_array><technique_common><accessor source="#neck-Interpolations-array" count="32"><param type="name"/></accessor></technique_common></source><sampler id="neck-Matrix-animation-transform"><input semantic="INPUT" source="#neck-Matrix-animation-input"/><input semantic="OUTPUT" source="#neck-Matrix-animation-output-transform"/><input semantic="INTERPOLATION" source="#neck-Interpolations"/></sampler><channel source="#neck-Matrix-animation-transform" target="neck/matrix"/></animation>
    <animation id="shoulder.L-anim" name="shoulder.L"><source id="shoulder.L-Matrix-animation-input"><float_array id="shoulder.L-Matrix-animation-input-array" count="32">

