<?xml version="1.0" encoding="utf-8"?>
<COLLADA xmlns="http://www.collada.org/2005/11/COLLADASchema" version="1.4.1">
  <asset><contributor><author>Mixamo</author><authoring_tool>COLLADA Mixamo exporter</authoring_tool><comments></comments></contributor><created>2016-01-22T15:41:59Z</created><modified>2016-01-22T15:41:59Z</modified><revision></revision><title></title><unit meter="0.010000"/><up_axis>Y_UP</up_axis></asset>
  <library_animations>
    <animation id="free3dmodel_skeleton-anim" name="free3dmodel_skeleton"><source id="free3dmodel_skeleton-Matrix-animation-input"><float_array id="free3dmodel_skeleton-Matrix-animation-input-array" count="29">

0.000000 0.033333 0.066667 0.100000 0.133333 0.166667 0.200000 0.233333 0.266667 0.300000 0.333333 0.366667 0.400000 0.433333 0.466667 0.500000
0.533333 0.566667 0.600000 0.633333 0.666667 0.700000 0.733333 0.766667 0.800000 0.833333 0.866667 0.900000 0.933333</float_array><technique_common><accessor source="#free3dmodel_skeleton-Matrix-animation-input-array" count="29"><param name="TIME" type="float"/></accessor></technique_common></source><source id="free3dmodel_skeleton-Matrix-animation-output-transform"><float_array id="free3dmodel_skeleton-Matrix-animation-output-transform-array" count="464">

99.220579 -11.344416 5.155675 -16.623270 -5.921286 -6.518540 99.611480 -1.859955 -10.964266 -99.140369 -7.139469 22.072332 0.000000 0.000000 0.000000 1.000000
99.571331 -7.484226 5.434731 -15.481065 -5.902679 -6.180025 99.634159 -2.820068 -7.120978 -99.527854 -6.595303 18.954596 0.000000 0.000000 0.000000 1.000000
99.768475 -3.827161 5.621764 -11.282350 -5.836433 -5.749846 99.663812 -4.563049 -3.491051 -99.761175 -5.959903 14.198469 0.000000 0.000000 0.000000 1.000000
99.835965 -0.280781 5.718495 -5.198070 -5.725343 -5.272310 99.696656 -5.888916 0.021568 -99.860522 -5.279737 9.619907 0.000000 0.000000 0.000000 1.000000
99.764359 3.244272 6.045448 0.572454 -5.886460 -4.790682 99.711579 -5.939850 3.524533 -99.832480 -4.588420 5.170643 0.000000 0.000000 0.000000 1.000000
99.562402 6.858165 6.347723 5.384336 -6.058307 -4.348838 99.721535 -5.699188 7.115120 -99.669720 -3.914319 0.972004 0.000000 0.000000 0.000000 1.000000
99.213378 10.660053 6.562682 9.134733 -6.168185 -3.989534 99.729821 -5.956818 10.893072 -99.350123 -3.300620 -2.571110 0.000000 0.000000 0.000000 1.000000
98.675740 14.745703 6.757402 12.080996 -6.268685 -3.754763 99.732669 -6.546722 14.960008 -98.835550 -2.780678 -5.445601 0.000000 0.000000 0.000000 1.000000
97.896810 19.207584 6.876279 14.409056 -6.282259 -3.685442 99.734401 -7.248871 19.409990 -98.068783 -2.401260 -7.814202 0.000000 0.000000 0.000000 1.000000
96.791789 24.119335 7.043245 15.761709 -6.305092 -3.819632 99.727911 -7.781525 24.322735 -96.972512 -2.176344 -9.704729 0.000000 0.000000 0.000000 1.000000
95.047769 30.234523 7.196895 16.328604 -6.129448 -4.465972 99.712010 -7.929016 30.468862 -95.215171 -2.391598 -10.470074 0.000000 0.000000 0.000000 1.000000
92.937007 36.137305 7.537097 15.057520 -5.982328 -5.403751 99.674527 -7.609711 36.426974 -93.085416 -2.860232 -10.974924 0.000000 0.000000 0.000000 1.000000
90.662271 41.401271 8.141710 11.846354 -6.124996 -6.178024 99.620863 -7.263000 41.747300 -90.817216 -3.065311 -12.863064 0.000000 0.000000 0.000000 1.000000
87.588979 47.357448 9.243533 6.891724 -6.827145 -6.800806 99.534613 -7.393250 47.765687 -87.812420 -2.723595 -16.779808 0.000000 0.000000 0.000000 1.000000
83.266534 54.478403 9.939212 3.531851 -6.887119 -7.621312 99.471017 -7.643524 54.947720 -83.510593 -2.594010 -19.745712 0.000000 0.000000 0.000000 1.000000
77.294635 62.649334 10.029973 2.176544 -5.910363 -8.629878 99.451460 -7.425049 63.171252 -77.463450 -2.967629 -20.576626 0.000000 0.000000 0.000000 1.000000
68.941372 71.781448 9.721674 2.215237 -4.320669 -9.322039 99.470757 -6.498138 72.307808 -68.996546 -3.325303 -20.563532 0.000000 0.000000 0.000000 1.000000
58.346673 80.640466 9.632286 1.501698 -3.028136 -9.692012 99.483141 -5.378937 81.157231 -58.336782 -3.213063 -20.870014 0.000000 0.000000 0.000000 1.000000
46.439556 88.018294 9.805492 -0.463739 -1.979616 -10.037364 99.475286 -4.202850 88.540662 -46.389992 -2.918883 -20.557341 0.000000 0.000000 0.000000 1.000000
35.436430 93.001908 9.741898 -2.259180 -1.186791 -9.969811 99.494695 -3.117310 93.503214 -35.372984 -2.429207 -20.164284 0.000000 0.000000 0.000000 1.000000
27.978912 95.530804 9.541797 -4.196308 -1.310095 -9.557901 99.533563 -2.538666 95.997209 -27.973415 -1.422652 -20.886871 0.000000 0.000000 0.000000 1.000000
21.995445 97.110978 9.255177 -6.611702 -1.646390 -9.116626 99.569958 -2.424652 97.537120 -22.053232 -0.406417 -21.204779 0.000000 0.000000 0.000000 1.000000
16.605529 98.210970 8.880416 -9.434725 -1.924515 -8.680970 99.603901 -2.747070 98.592863 -16.710660 0.448564 -20.563860 0.000000 0.000000 0.000000 1.000000
11.701758 98.953844 8.438343 -12.362180 -2.013642 -8.258567 99.638052 -3.685516 99.292568 -11.829321 1.026179 -18.716444 0.000000 0.000000 0.000000 1.000000
7.093894 99.425163 8.019578 -15.053137 -2.567196 -7.855187 99.657943 -4.379547 99.715025 -7.275507 1.995200 -18.237175 0.000000 0.000000 0.000000 1.000000
2.662680 99.677938 7.564316 -17.087524 -3.322089 -7.474585 99.664910 -3.977203 99.909328 -2.905051 3.112365 -18.521240 0.000000 0.000000 0.000000 1.000000
-2.169699 99.730453 7.009216 -18.153368 -4.300602 -7.097480 99.655058 -3.125824 99.883919 1.860777 4.443004 -19.461929 0.000000 0.000000 0.000000 1.000000
-8.061590 99.478065 6.255028 -18.144037 -5.361201 -6.699124 99.631216 -2.323517 99.530238 7.696516 5.873275 -20.482756 0.000000 0.000000 0.000000 1.000000
-11.015436 99.219832 5.838249 -17.898031 -5.920323 -6.518575 99.611535 -1.867767 99.214968 10.627002 6.592184 -21.049543 0.000000 0.000000 0.000000 1.000000</float_array><technique_common><accessor source="#free3dmodel_skeleton-Matrix-animation-output-transform-array" count="29" stride="16"><param type="float4x4"/></accessor></technique_common></source><source id="free3dmodel_skeleton-Interpolations"><Name_array id="free3dmodel_skeleton-Interpolations-array" count="29">
 LINEAR LINEAR LINEAR LINEAR LINEAR LINEAR LINEAR LINEAR LINEAR LINEAR LINEAR
LINEAR LINEAR LINEAR LINEAR LINEAR LINEAR LINEAR LINEAR LINEAR LINEAR LINEAR LINEAR
LINEAR LINEAR LINEAR LINEAR LINEAR LINEAR</Name_array><technique_common><accessor source="#free3dmodel_skeleton-Interpolations-array" count="29"><param type="name"/></accessor></technique_common></source><sampler id="free3dmodel_skeleton-Matrix-animation-transform"><input semantic="INPUT" source="#free3dmodel_skeleton-Matrix-animation-input"/><input semantic="OUTPUT" source="#free3dmodel_skeleton-Matrix-animation-output-transform"/><input semantic="INTERPOLATION" source="#free3dmodel_skeleton-Interpolations"/></sampler><channel source="#free3dmodel_skeleton-Matrix-animation-transform" target="free3dmodel_skeleton/matrix"/></animation>
    <animation id="hips-anim" name="hips"><source id="hips-Matrix-animation-input"><float_array id="hips-Matrix-animation-input-array" count="29">

0.000000 0.033333 0.066667 0.100000 0.133333 0.166667 0.200000 0.233333 0.266667 0.300000 0.333333 0.366667 0.400000 0.433333 0.466667 0.500000
0.533333 0.566667 0.600000 0.633333 0.666667 0.700000 0.733333 0.766667 0.800000 0.833333 0.866667 0.900000 0.933333</float_array><technique_common><accessor source="#hips-Matrix-animation-input-array" count="29"><param name="TIME" type="float"/></accessor></technique_common></source><source id="hips-Matrix-animation-output-transform"><float_array id="hips-Matrix-animation-output-transform-array" count="464">

1.000000 -0.000000 0.000000 0.000000 0.000000 0.000234 -1.000000 0.052000 -0.000000 1.000000 0.000234 3.016600 0.000000 0.000000 0.000000 1.000000
1.000000 0.000000 0.000000 0.000000 0.000000 0.000234 -1.000000 0.052000 -0.000000 1.000000 0.000234 3.016600 0.000000 0.000000 0.000000 1.000000
1.000000 0.000000 0.000000 -0.000000 0.000000 0.000234 -1.000000 0.052000 -0.000000 1.000000 0.000234 3.016600 0.000000 0.000000 0.000000 1.000000
1.000000 -0.000000 0.000000 -0.000000 -0.000000 0.000234 -1.000000 0.052000 0.000000 1.000000 0.000234 3.016600 0.000000 0.000000 0.000000 1.000000
1.000000 -0.000000 0.000000 -0.000000 -0.000000 0.000234 -1.000000 0.052000 0.000000 1.000000 0.000234 3.016600 0.000000 0.000000 0.000000 1.000000
1.000000 -0.000000 -0.000000 0.000000 -0.000000 0.000234 -1.000000 0.052000 -0.000000 1.000000 0.000234 3.016600 0.000000 0.000000 0.000000 1.000000
1.000000 0.000000 0.000000 -0.000000 0.000000 0.000234 -1.000000 0.052000 -0.000000 1.000000 0.000234 3.016600 0.000000 0.000000 0.000000 1.000000
1.000000 0.000000 -0.000000 0.000000 0.000000 0.000234 -1.000000 0.052000 -0.000000 1.000000 0.000234 3.016600 0.000000 0.000000 0.000000 1.000000
1.000000 0.000000 0.000000 -0.000000 0.000000 0.000234 -1.000000 0.052000 -0.000000 1.000000 0.000234 3.016600 0.000000 0.000000 0.000000 1.000000
1.000000 -0.000000 -0.000000 0.000000 0.000000 0.000234 -1.000000 0.052000 0.000000 1.000000 0.000234 3.016600 0.000000 0.000000 0.000000 1.000000
1.000000 0.000000 0.000000 -0.000000 -0.000000 0.000234 -1.000000 0.052000 0.000000 1.000000 0.000234 3.016600 0.000000 0.000000 0.000000 1.000000
1.000000 0.000000 -0.000000 0.000000 0.000000 0.000234 -1.000000 0.052000 0.000000 1.000000 0.000234 3.016600 0.000000 0.000000 0.000000 1.000000
1.000000 0.000000 0.000000 0.000000 0.000000 0.000234 -1.000000 0.052000 0.000000 1.000000 0.000234 3.016600 0.000000 0.000000 0.000000 1.000000
1.000000 -0.000000 0.000000 -0.000000 -0.000000 0.000234 -1.000000 0.052000 -0.000000 1.000000 0.000234 3.016600 0.000000 0.000000 0.000000 1.000000
1.000000 0.000000 0.000000 0.000000 -0.000000 0.000234 -1.000000 0.052000 0.000000 1.000000 0.000234 3.016600 0.000000 0.000000 0.000000 1.000000
1.000000 0.000000 -0.000000 0.000000 0.000000 0.000234 -1.000000 0.052000 -0.000000 1.000000 0.000234 3.016600 0.000000 0.000000 0.000000 1.000000
1.000000 0.000000 -0.000000 0.000000 0.000000 0.000234 -1.000000 0.052000 -0.000000 1.000000 0.000234 3.016600 0.000000 0.000000 0.000000 1.000000
1.000000 -0.000000 -0.000000 0.000000 -0.000000 0.000234 -1.000000 0.052000 0.000000 1.000000 0.000234 3.016600 0.000000 0.000000 0.000000 1.000000
1.000000 0.000000 -0.000000 0.000000 0.000000 0.000234 -1.000000 0.052000 0.000000 1.000000 0.000234 3.016600 0.000000 0.000000 0.000000 1.000000
1.000000 0.000000 -0.000000 0.000000 0.000000 0.000234 -1.000000 0.052000 0.000000 1.000000 0.000234 3.016600 0.000000 0.000000 0.000000 1.000000
1.000000 0.000000 0.000000 -0.000000 0.000000 0.000234 -1.000000 0.052000 0.000000 1.000000 0.000234 3.016600 0.000000 0.000000 0.000000 1.000000
1.000000 0.000000 -0.000000 0.000000 -0.000000 0.000234 -1.000000 0.052000 -0.000000 1.000000 0.000234 3.016600 0.000000 0.000000 0.000000 1.000000
1.000000 -0.000000 0.000000 -0.000000 -0.000000 0.000234 -1.000000 0.052000 -0.000000 1.000000 0.000234 3.016600 0.000000 0.000000 0.000000 1.000000
1.000000 -0.000000 0.000000 -0.000000 0.000000 0.000234 -1.000000 0.052000 -0.000000 1.000000 0.000234 3.016600 0.000000 0.000000 0.000000 1.000000
1.000000 -0.000000 -0.000000 0.000000 0.000000 0.000234 -1.000000 0.052000 0.000000 1.000000 0.000234 3.016600 0.000000 0.000000 0.000000 1.000000
1.000000 -0.000000 -0.000000 -0.000000 0.000000 0.000234 -1.000000 0.052000 -0.000000 1.000000 0.000234 3.016600 0.000000 0.000000 0.000000 1.000000
1.000000 -0.000000 -0.000000 0.000000 -0.000000 0.000234 -1.000000 0.052000 0.000000 1.000000 0.000234 3.016600 0.000000 0.000000 0.000000 1.000000
1.000000 -0.000000 0.000000 -0.000000 0.000000 0.000234 -1.000000 0.052000 0.000000 1.000000 0.000234 3.016600 0.000000 0.000000 0.000000 1.000000
1.000000 0.000000 0.000000 0.000000 0.000000 0.000234 -1.000000 0.052000 0.000000 1.000000 0.000234 3.016600 0.000000 0.000000 0.000000 1.000000</float_array><technique_common><accessor source="#hips-Matrix-animation-output-transform-array" count="29" stride="16"><param type="float4x4"/></accessor></technique_common></source><source id="hips-Interpolations"><Name_array id="hips-Interpolations-array" count="29">
 LINEAR LINEAR LINEAR LINEAR LINEAR LINEAR LINEAR LINEAR LINEAR LINEAR LINEAR
LINEAR LINEAR LINEAR LINEAR LINEAR LINEAR LINEAR LINEAR LINEAR LINEAR LINEAR LINEAR
LINEAR LINEAR LINEAR LINEAR LINEAR LINEAR</Name_array><technique_common><accessor source="#hips-Interpolations-array" count="29"><param type="name"/></accessor></technique_common></source><sampler id="hips-Matrix-animation-transform"><input semantic="INPUT" source="#hips-Matrix-animation-input"/><input semantic="OUTPUT" source="#hips-Matrix-animation-output-transform"/><input semantic="INTERPOLATION" source="#hips-Interpolations"/></sampler><channel source="#hips-Matrix-animation-transform" target="hips/matrix"/></animation>
    <animation id="abdomen-anim" name="abdomen"><source id="abdomen-Matrix-animation-input"><float_array id="abdomen-Matrix-animation-input-array" count="29">

0.000000 0.033333 0.066667 0.100000 0.133333 0.166667 0.200000 0.233333 0.266667 0.300000 0.333333 0.366667 0.400000 0.433333 0.466667 0.500000
0.533333 0.566667 0.600000 0.633333 0.666667 0.700000 0.733333 0.766667 0.800000 0.833333 0.866667 0.900000 0.933333</float_array><technique_common><accessor source="#abdomen-Matrix-animation-input-array" count="29"><param name="TIME" type="float"/></accessor></technique_common></source><source id="abdomen-Matrix-animation-output-transform"><float_array id="abdomen-Matrix-animation-output-transform-array" count="464">

0.998514 -0.047076 0.027441 -0.000000 0.048867 0.996436 -0.068758 0.491500 -0.024106 0.069997 0.997256 0.000000 0.000000 0.000000 0.000000 1.000000
0.998781 -0.043410 0.023503 -0.000000 0.044977 0.996472 -0.070850 0.491500 -0.020345 0.071821 0.997210 0.000000 0.000000 0.000000 0.000000 1.000000
0.999076 -0.037852 0.020347 0.000000 0.039246 0.996547 -0.073168 0.491500 -0.017507 0.073899 0.997112 0.000000 0.000000 0.000000 0.000000 1.000000
0.999195 -0.036149 0.017423 -0.000000 0.037365 0.996451 -0.075433 0.491500 -0.014634 0.076024 0.996999 0.000000 0.000000 0.000000 0.000000 1.000000
0.998941 -0.043646 0.014583 0.000000 0.044644 0.996020 -0.077149 0.491500 -0.011157 0.077719 0.996913 0.000000 0.000000 0.000000 0.000000 1.000000
0.998521 -0.053183 0.011293 0.000000 0.053901 0.995523 -0.077638 0.491500 -0.007114 0.078132 0.996918 -0.000000 0.000000 0.000000 0.000000 1.000000
0.998329 -0.057384 0.006855 0.000000 0.057741 0.995404 -0.076395 0.491500 -0.002439 0.076663 0.997054 0.000000 0.000000 0.000000 0.000000 1.000000
0.998329 -0.057719 0.002790 -0.000000 0.057768 0.995619 -0.073522 0.491500 0.001466 0.073561 0.997290 0.000000 0.000000 0.000000 0.000000 1.000000
0.998382 -0.056853 0.001217 -0.000000 0.056799 0.995929 -0.069999 0.491500 0.002768 0.069955 0.997546 0.000000 0.000000 0.000000 0.000000 1.000000
0.998407 -0.056426 0.000205 0.000000 0.056312 0.996151 -0.067165 0.491500 0.003586 0.067070 0.997742 -0.000000 0.000000 0.000000 0.000000 1.000000
0.998354 -0.057272 -0.002992 0.000000 0.056957 0.996263 -0.064922 0.491500 0.006699 0.064645 0.997886 0.000000 0.000000 0.000000 0.000000 1.000000
0.998292 -0.057838 -0.008240 0.000000 0.057215 0.996416 -0.062299 0.491500 0.011813 0.061721 0.998024 0.000000 0.000000 0.000000 0.000000 1.000000
0.998397 -0.055308 -0.011992 0.000000 0.054491 0.996700 -0.060172 0.491500 0.015280 0.059422 0.998116 0.000000 0.000000 0.000000 0.000000 1.000000
0.998345 -0.056529 -0.010546 0.000000 0.055796 0.996629 -0.060152 0.491500 0.013911 0.059464 0.998134 -0.000000 0.000000 0.000000 0.000000 1.000000
0.998503 -0.054417 -0.005459 -0.000000 0.053970 0.996580 -0.062567 0.491500 0.008845 0.062178 0.998026 -0.000000 0.000000 0.000000 0.000000 1.000000
0.998989 -0.044948 0.000555 0.000000 0.044886 0.996803 -0.066099 0.491500 0.002418 0.066057 0.997813 -0.000000 0.000000 0.000000 0.000000 1.000000
0.999458 -0.032178 0.006909 -0.000000 0.032576 0.997121 -0.068469 0.491500 -0.004686 0.068657 0.997629 0.000000 0.000000 0.000000 0.000000 1.000000
0.999593 -0.026098 0.011564 -0.000000 0.026854 0.997121 -0.070917 0.491500 -0.009680 0.071198 0.997415 -0.000000 0.000000 0.000000 0.000000 1.000000
0.999556 -0.025617 0.015219 0.000000 0.026685 0.996844 -0.074761 0.491500 -0.013256 0.075134 0.997085 -0.000000 0.000000 0.000000 0.000000 1.000000
0.999525 -0.024887 0.018160 0.000000 0.026234 0.996600 -0.078103 0.491500 -0.016154 0.078543 0.996780 0.000000 0.000000 0.000000 0.000000 1.000000
0.999411 -0.027472 0.020550 0.000000 0.029043 0.996330 -0.080518 0.491500 -0.018263 0.081067 0.996541 -0.000000 0.000000 0.000000 0.000000 1.000000
0.999190 -0.034368 0.020912 0.000000 0.035991 0.995907 -0.082914 0.491500 -0.017977 0.083600 0.996337 -0.000000 0.000000 0.000000 0.000000 1.000000
0.998857 -0.043925 0.018850 0.000000 0.045368 0.995384 -0.084574 0.491500 -0.015048 0.085332 0.996239 0.000000 0.000000 0.000000 0.000000 1.000000
0.998335 -0.055339 0.016270 0.000000 0.056518 0.994848 -0.084160 0.491500 -0.011529 0.084939 0.996319 0.000000 0.000000 0.000000 0.000000 1.000000
0.997864 -0.063485 0.015428 0.000000 0.064542 0.994535 -0.082061 0.491500 -0.010134 0.082882 0.996508 0.000000 0.000000 0.000000 0.000000 1.000000
0.997817 -0.063642 0.017621 0.000000 0.064850 0.994712 -0.079637 0.491500 -0.012460 0.080605 0.996668 0.000000 0.000000 0.000000 0.000000 1.000000
0.997979 -0.059772 0.021557 0.000000 0.061254 0.995201 -0.076308 0.491500 -0.016893 0.077474 0.996851 0.000000 0.000000 0.000000 0.000000 1.000000
0.998355 -0.051331 0.025539 0.000000 0.053038 0.996040 -0.071351 0.491500 -0.021775 0.072588 0.997124 -0.000000 0.000000 0.000000 0.000000 1.000000
0.998518 -0.046995 0.027439 0.000000 0.048787 0.996440 -0.068761 0.491500 -0.024110 0.069997 0.997256 0.000000 0.000000 0.000000 0.000000 1.000000</float_array><technique_common><accessor source="#abdomen-Matrix-animation-output-transform-array" count="29" stride="16"><param type="float4x4"/></accessor></technique_common></source><source id="abdomen-Interpolations"><Name_array id="abdomen-Interpolations-array" count="29">
 LINEAR LINEAR LINEAR LINEAR LINEAR LINEAR LINEAR LINEAR LINEAR LINEAR LINEAR
LINEAR LINEAR LINEAR LINEAR LINEAR LINEAR LINEAR LINEAR LINEAR LINEAR LINEAR LINEAR
LINEAR LINEAR LINEAR LINEAR LINEAR LINEAR</Name_array><technique_common><accessor source="#abdomen-Interpolations-array" count="29"><param type="name"/></accessor></technique_common></source><sampler id="abdomen-Matrix-animation-transform"><input semantic="INPUT" source="#abdomen-Matrix-animation-input"/><input semantic="OUTPUT" source="#abdomen-Matrix-animation-output-transform"/><input semantic="INTERPOLATION" source="#abdomen-Interpolations"/></sampler><channel source="#abdomen-Matrix-animation-transform" target="abdomen/matrix"/></animation>
    <animation id="abdomen2-anim" name="abdomen2"><source id="abdomen2-Matrix-animation-input"><float_array id="abdomen2-Matrix-animation-input-array" count="29">

0.000000 0.033333 0.066667 0.100000 0.133333 0.166667 0.200000 0.233333 0.266667 0.300000 0.333333 0.366667 0.400000 0.433333 0.466667 0.500000
0.533333 0.566667 0.600000 0.633333 0.666667 0.700000 0.733333 0.766667 0.800000 0.833333 0.866667 0.900000 0.933333</float_array><technique_common><accessor source="#abdomen2-Matrix-animation-input-array" count="29"><param name="TIME" type="float"/></accessor></technique_common></source><source id="abdomen2-Matrix-animation-output-transform"><float_array id="abdomen2-Matrix-animation-output-transform-array" count="464">

0.999615 -0.027732 -0.000549 -0.000000 0.027151 0.974214 0.223988 0.263800 -0.005677 -0.223917 0.974592 -0.000000 0.000000 0.000000 0.000000 1.000000
0.999629 -0.027061 -0.003160 -0.000000 0.027086 0.974591 0.222349 0.263800 -0.002938 -0.222352 0.974962 0.000000 0.000000 0.000000 0.000000 1.000000
0.999686 -0.024605 -0.004660 0.000000 0.025027 0.975030 0.220661 0.263800 -0.000886 -0.220708 0.975340 0.000000 0.000000 0.000000 0.000000 1.000000
0.999770 -0.020527 -0.006218 0.000000 0.021390 0.975523 0.218855 0.263800 0.001574 -0.218938 0.975738 0.000000 0.000000 0.000000 0.000000 1.000000
0.999839 -0.015735 -0.008588 0.000000 0.017224 0.975989 0.217137 0.263800 0.004966 -0.217250 0.976103 0.000000 0.000000 0.000000 0.000000 1.000000
0.999880 -0.010412 -0.011457 0.000000 0.012646 0.976220 0.216414 0.263800 0.008931 -0.216532 0.976235 0.000000 0.000000 0.000000 0.000000 1.000000
0.999888 -0.004062 -0.014396 -0.000000 0.007095 0.976060 0.217383 0.263800 0.013168 -0.217461 0.975980 0.000000 0.000000 0.000000 0.000000 1.000000
0.999859 0.003214 -0.016469 0.000000 0.000485 0.975535 0.219844 0.263800 0.016773 -0.219821 0.975396 0.000000 0.000000 0.000000 0.000000 1.000000
0.999807 0.010555 -0.016543 0.000000 -0.006604 0.974830 0.222850 0.263800 0.018479 -0.222698 0.974712 0.000000 0.000000 0.000000 0.000000 1.000000
0.999711 0.017647 -0.016329 -0.000000 -0.013515 0.974175 0.225388 0.263800 0.019885 -0.225102 0.974132 0.000000 0.000000 0.000000 0.000000 1.000000
0.999525 0.025111 -0.017894 0.000000 -0.020384 0.973554 0.227545 0.263800 0.023135 -0.227072 0.973603 -0.000000 0.000000 0.000000 0.000000 1.000000
0.999229 0.033347 -0.020732 0.000000 -0.027692 0.972789 0.230034 0.263800 0.027839 -0.229282 0.972962 0.000000 0.000000 0.000000 0.000000 1.000000
0.998936 0.040210 -0.022575 -0.000000 -0.033886 0.972108 0.232075 0.263800 0.031277 -0.231063 0.972436 0.000000 0.000000 0.000000 0.000000 1.000000
0.998791 0.044521 -0.020820 -0.000000 -0.038481 0.971896 0.232245 0.263800 0.030574 -0.231163 0.972434 -0.000000 0.000000 0.000000 0.000000 1.000000
0.998652 0.049447 -0.015768 0.000000 -0.044498 0.972118 0.230230 0.263800 0.026712 -0.229219 0.973008 0.000000 0.000000 0.000000 0.000000 1.000000
0.998405 0.055688 -0.009317 0.000000 -0.052123 0.972473 0.227110 0.263800 0.021708 -0.226262 0.973825 0.000000 0.000000 0.000000 0.000000 1.000000
0.998141 0.060896 -0.002509 0.000000 -0.058773 0.972616 0.224864 0.263800 0.016134 -0.224299 0.974387 0.000000 0.000000 0.000000 0.000000 1.000000
0.998032 0.062672 0.002257 0.000000 -0.061600 0.972934 0.222720 0.263800 0.011763 -0.222421 0.974880 0.000000 0.000000 0.000000 0.000000 1.000000
0.998050 0.062288 0.004009 0.000000 -0.061647 0.973642 0.219591 0.263800 0.009774 -0.219410 0.975584 -0.000000 0.000000 0.000000 0.000000 1.000000
0.998129 0.060855 0.005932 0.000000 -0.060692 0.974316 0.216852 0.263800 0.007417 -0.216806 0.976186 -0.000000 0.000000 0.000000 0.000000 1.000000
0.998352 0.056510 0.009969 0.000000 -0.057332 0.974955 0.214886 0.263800 0.002424 -0.215104 0.976588 0.000000 0.000000 0.000000 0.000000 1.000000
0.998696 0.049868 0.010933 0.000000 -0.051053 0.975624 0.213426 0.263800 -0.000024 -0.213706 0.976898 0.000000 0.000000 0.000000 0.000000 1.000000
0.999049 0.043111 0.006463 0.000000 -0.043498 0.976069 0.213067 0.263800 0.002877 -0.213146 0.977016 0.000000 0.000000 0.000000 0.000000 1.000000
0.999387 0.034988 0.001404 -0.000000 -0.034475 0.976144 0.214369 0.263800 0.006130 -0.214286 0.976752 0.000000 0.000000 0.000000 0.000000 1.000000
0.999697 0.024568 0.001635 -0.000000 -0.024340 0.975997 0.216420 0.263800 0.003721 -0.216394 0.976299 0.000000 0.000000 0.000000 0.000000 1.000000
0.999946 0.008013 0.006562 -0.000000 -0.009250 0.975952 0.217789 0.263800 -0.004659 -0.217838 0.975974 0.000000 0.000000 0.000000 0.000000 1.000000
0.999925 -0.009691 0.007425 0.000000 0.007826 0.975594 0.219445 0.263800 -0.009370 -0.219370 0.975597 0.000000 0.000000 0.000000 0.000000 1.000000
0.999746 -0.022391 0.002585 0.000000 0.021255 0.974718 0.222423 0.263800 -0.007499 -0.222312 0.974947 0.000000 0.000000 0.000000 0.000000 1.000000
0.999615 -0.027732 -0.000549 0.000000 0.027151 0.974214 0.223988 0.263800 -0.005677 -0.223917 0.974592 0.000000 0.000000 0.000000 0.000000 1.000000</float_array><technique_common><accessor source="#abdomen2-Matrix-animation-output-transform-array" count="29" stride="16"><param type="float4x4"/></accessor></technique_common></source><source id="abdomen2-Interpolations"><Name_array id="abdomen2-Interpolations-array" count="29">
 LINEAR LINEAR LINEAR LINEAR LINEAR LINEAR LINEAR LINEAR LINEAR LINEAR LINEAR
LINEAR LINEAR LINEAR LINEAR LINEAR LINEAR LINEAR LINEAR LINEAR LINEAR LINEAR LINEAR
LINEAR LINEAR LINEAR LINEAR LINEAR LINEAR</Name_array><technique_common><accessor source="#abdomen2-Interpolations-array" count="29"><param type="name"/></accessor></technique_common></source><sampler id="abdomen2-Matrix-animation-transform"><input semantic="INPUT" source="#abdomen2-Matrix-animation-input"/><input semantic="OUTPUT" source="#abdomen2-Matrix-animation-output-transform"/><input semantic="INTERPOLATION" source="#abdomen2-Interpolations"/></sampler><channel source="#abdomen2-Matrix-animation-transform" target="abdomen2/matrix"/></animation>
    <animation id="chest-anim" name="chest"><source id="chest-Matrix-animation-input"><float_array id="chest-Matrix-animation-input-array" count="29">

0.000000 0.033333 0.066667 0.100000 0.133333 0.166667 0.200000 0.233333 0.266667 0.300000 0.333333 0.366667 0.400000 0.433333 0.466667 0.500000
0.533333 0.566667 0.600000 0.633333 0.666667 0.700000 0.733333 0.766667 0.800000 0.833333 0.866667 0.900000 0.933333</float_array><technique_common><accessor source="#chest-Matrix-animation-input-array" count="29"><param name="TIME" type="float"/></accessor></technique_common></source><source id="chest-Matrix-animation-output-transform"><float_array id="chest-Matrix-animation-output-transform-array" count="464">

0.999611 -0.027340 0.005435 0.000000 0.027865 0.974935 -0.220740 0.460500 0.000736 0.220805 0.975318 -0.000000 0.000000 0.000000 0.000000 1.000000
0.999606 -0.027923 0.002686 0.000000 0.027821 0.974578 -0.222316 0.460500 0.003590 0.222303 0.974971 0.000000 0.000000 0.000000 0.000000 1.000000
0.999609 -0.027953 0.000764 0.000000 0.027414 0.974215 -0.223949 0.460500 0.005516 0.223882 0.974601 0.000000 0.000000 0.000000 0.000000 1.000000
0.999618 -0.027588 -0.001412 0.000000 0.026557 0.973832 -0.225714 0.460500 0.007602 0.225590 0.974193 0.000000 0.000000 0.000000 0.000000 1.000000
0.999608 -0.027647 -0.004398 -0.000000 0.025924 0.973455 -0.227406 0.460500 0.010568 0.227203 0.973790 0.000000 0.000000 0.000000 0.000000 1.000000
0.999574 -0.028089 -0.007891 0.000000 0.025550 0.973300 -0.228110 0.460500 0.014088 0.227811 0.973603 0.000000 0.000000 0.000000 0.000000 1.000000
0.999535 -0.028188 -0.011621 0.000000 0.024815 0.973552 -0.227113 0.460500 0.017715 0.226719 0.973799 -0.000000 0.000000 0.000000 0.000000 1.000000
0.999509 -0.027683 -0.014656 -0.000000 0.023687 0.974158 -0.224624 0.460500 0.020495 0.224167 0.974335 0.000000 0.000000 0.000000 0.000000 1.000000
0.999511 -0.027014 -0.015735 0.000000 0.022859 0.974871 -0.221595 0.460500 0.021326 0.221127 0.975012 -0.000000 0.000000 0.000000 0.000000 1.000000
0.999510 -0.026611 -0.016494 -0.000000 0.022357 0.975463 -0.219027 0.460500 0.021918 0.218551 0.975579 -0.000000 0.000000 0.000000 0.000000 1.000000
0.999479 -0.026044 -0.019069 -0.000000 0.021295 0.975979 -0.216819 0.460500 0.024258 0.216300 0.976025 0.000000 0.000000 0.000000 0.000000 1.000000
0.999431 -0.024641 -0.023017 0.000000 0.019144 0.976590 -0.214256 0.460500 0.027757 0.213694 0.976506 -0.000000 0.000000 0.000000 0.000000 1.000000
0.999383 -0.023921 -0.025729 -0.000000 0.017925 0.977076 -0.212136 0.460500 0.030214 0.211544 0.976901 0.000000 0.000000 0.000000 0.000000 1.000000
0.999404 -0.024353 -0.024453 0.000000 0.018625 0.977108 -0.211926 0.460500 0.029054 0.211344 0.976980 -0.000000 0.000000 0.000000 0.000000 1.000000
0.999540 -0.022669 -0.020131 0.000000 0.017843 0.976693 -0.213898 0.460500 0.024511 0.213440 0.976649 -0.000000 0.000000 0.000000 0.000000 1.000000
0.999723 -0.018339 -0.014774 -0.000000 0.014698 0.976065 -0.216981 0.460500 0.018399 0.216703 0.976064 0.000000 0.000000 0.000000 0.000000 1.000000
0.999867 -0.013672 -0.008896 0.000000 0.011389 0.975605 -0.219236 0.460500 0.011676 0.219105 0.975631 -0.000000 0.000000 0.000000 0.000000 1.000000
0.999927 -0.011278 -0.004440 -0.000000 0.010015 0.975131 -0.221403 0.460500 0.006827 0.221342 0.975172 0.000000 0.000000 0.000000 0.000000 1.000000
0.999949 -0.009703 -0.002782 0.000000 0.008831 0.974424 -0.224545 0.460500 0.004890 0.224509 0.974460 0.000000 0.000000 0.000000 0.000000 1.000000
0.999980 -0.006237 -0.001109 -0.000000 0.005821 0.973803 -0.227318 0.460500 0.002498 0.227307 0.973820 0.000000 0.000000 0.000000 0.000000 1.000000
0.999992 -0.002789 0.002902 0.000000 0.003380 0.973340 -0.229341 0.460500 -0.002185 0.229349 0.973342 0.000000 0.000000 0.000000 0.000000 1.000000
0.999991 -0.000658 0.004307 0.000000 0.001635 0.972909 -0.231182 0.460500 -0.004038 0.231187 0.972901 0.000000 0.000000 0.000000 0.000000 1.000000
0.999999 0.001116 0.000609 0.000000 -0.000944 0.972673 -0.232176 0.460500 -0.000851 0.232176 0.972673 0.000000 0.000000 0.000000 0.000000 1.000000
0.999993 0.001799 -0.003243 -0.000000 -0.002500 0.972875 -0.231317 0.460500 0.002739 0.231323 0.972873 0.000000 0.000000 0.000000 0.000000 1.000000
0.999998 0.001124 -0.001543 0.000000 -0.001448 0.973350 -0.229322 0.460500 0.001244 0.229324 0.973349 0.000000 0.000000 0.000000 0.000000 1.000000
0.999968 -0.005351 0.005984 0.000000 0.006573 0.973715 -0.227675 0.460500 -0.004608 0.227707 0.973719 0.000000 0.000000 0.000000 0.000000 1.000000
0.999828 -0.015617 0.009989 -0.000000 0.017469 0.974041 -0.225695 0.460500 -0.006205 0.225831 0.974147 0.000000 0.000000 0.000000 0.000000 1.000000
0.999689 -0.023759 0.007536 0.000000 0.024840 0.974628 -0.222449 0.460500 -0.002060 0.222567 0.974915 0.000000 0.000000 0.000000 0.000000 1.000000
0.999611 -0.027340 0.005435 0.000000 0.027865 0.974935 -0.220740 0.460500 0.000737 0.220805 0.975318 0.000000 0.000000 0.000000 0.000000 1.000000</float_array><technique_common><accessor source="#chest-Matrix-animation-output-transform-array" count="29" stride="16"><param type="float4x4"/></accessor></technique_common></source><source id="chest-Interpolations"><Name_array id="chest-Interpolations-array" count="29">
 LINEAR LINEAR LINEAR LINEAR LINEAR LINEAR LINEAR LINEAR LINEAR LINEAR LINEAR
LINEAR LINEAR LINEAR LINEAR LINEAR LINEAR LINEAR LINEAR LINEAR LINEAR LINEAR LINEAR
LINEAR LINEAR LINEAR LINEAR LINEAR LINEAR</Name_array><technique_common><accessor source="#chest-Interpolations-array" count="29"><param type="name"/></accessor></technique_common></source><sampler id="chest-Matrix-animation-transform"><input semantic="INPUT" source="#chest-Matrix-animation-input"/><input semantic="OUTPUT" source="#chest-Matrix-animation-output-transform"/><input semantic="INTERPOLATION" source="#chest-Interpolations"/></sampler><channel source="#chest-Matrix-animation-transform" target="chest/matrix"/></animation>
    <animation id="neck-anim" name="neck"><source id="neck-Matrix-animation-input"><float_array id="neck-Matrix-animation-input-array" count="29">

0.000000 0.033333 0.066667 0.100000 0.133333 0.166667 0.200000 0.233333 0.266667 0.300000 0.333333 0.366667 0.400000 0.433333 0.466667 0.500000
0.533333 0.566667 0.600000 0.633333 0.666667 0.700000 0.733333 0.766667 0.800000 0.833333 0.866667 0.900000 0.933333</float_array><technique_common><accessor source="#neck-Matrix-animation-input-array" count="29"><param name="TIME" type="float"/></accessor></technique_common></source><source id="neck-Matrix-animation-output-transform"><float_array id="neck-Matrix-animation-output-transform-array" count="464">

0.999968 -0.007957 0.001248 -0.000000 0.007689 0.896997 -0.441971 0.867400 0.002398 0.441966 0.897029 0.000000 0.000000 0.000000 0.000000 1.000000
0.999826 -0.017065 -0.007475 0.000000 0.012034 0.897869 -0.440097 0.867400 0.014222 0.439931 0.897919 0.000000 0.000000 0.000000 0.000000 1.000000
0.999126 -0.033473 -0.025049 0.000000 0.018931 0.896421 -0.442799 0.867400 0.037276 0.441938 0.896271 0.000000 0.000000 0.000000 0.000000 1.000000
0.997432 -0.053291 -0.047844 0.000000 0.026109 0.892663 -0.449969 0.867400 0.066688 0.447564 0.891762 0.000000 0.000000 0.000000 0.000000 1.000000
0.994654 -0.073326 -0.072705 -0.000000 0.031856 0.887648 -0.459420 0.867400 0.098224 0.454648 0.885238 0.000000 0.000000 0.000000 0.000000 1.000000
0.991266 -0.090075 -0.096327 0.000000 0.034669 0.882706 -0.468646 0.867400 0.127242 0.461213 0.878119 0.000000 0.000000 0.000000 0.000000 1.000000
0.988205 -0.101570 -0.114602 0.000000 0.035125 0.878767 -0.475956 0.867400 0.149051 0.466317 0.871970 0.000000 0.000000 0.000000 0.000000 1.000000
0.986460 -0.107037 -0.124260 0.000000 0.034650 0.876580 -0.480007 0.867400 0.160303 0.469202 0.868420 0.000000 0.000000 0.000000 0.000000 1.000000
0.985442 -0.109999 -0.129629 0.000000 0.034371 0.875635 -0.481748 0.867400 0.166500 0.470280 0.866669 -0.000000 0.000000 0.000000 0.000000 1.000000
0.985081 -0.111323 -0.131237 -0.000000 0.034723 0.875480 -0.482005 0.867400 0.168554 0.470257 0.866284 0.000000 0.000000 0.000000 0.000000 1.000000
0.985346 -0.110930 -0.129570 -0.000000 0.035151 0.875387 -0.482143 0.867400 0.166907 0.470523 0.866458 0.000000 0.000000 0.000000 0.000000 1.000000
0.986008 -0.109223 -0.125934 0.000000 0.035236 0.874936 -0.482955 0.867400 0.162934 0.471760 0.866542 0.000000 0.000000 0.000000 0.000000 1.000000
0.986837 -0.107006 -0.121253 0.000000 0.035460 0.874715 -0.483338 0.867400 0.157782 0.472676 0.866996 0.000000 0.000000 0.000000 0.000000 1.000000
0.987871 -0.103215 -0.116004 -0.000000 0.034947 0.875712 -0.481567 0.867400 0.151291 0.471672 0.868698 0.000000 0.000000 0.000000 0.000000 1.000000
0.989250 -0.095727 -0.110546 0.000000 0.031522 0.877779 -0.478028 0.867400 0.142796 0.469405 0.871360 0.000000 0.000000 0.000000 0.000000 1.000000
0.990836 -0.086486 -0.103752 -0.000000 0.027061 0.879658 -0.474837 0.867400 0.132333 0.467678 0.873937 0.000000 0.000000 0.000000 0.000000 1.000000
0.992427 -0.078847 -0.094194 0.000000 0.025090 0.880754 -0.472910 0.867400 0.120249 0.466965 0.876062 0.000000 0.000000 0.000000 0.000000 1.000000
0.993987 -0.071377 -0.083033 0.000000 0.024056 0.882156 -0.470343 0.867400 0.106820 0.465517 0.878569 0.000000 0.000000 0.000000 0.000000 1.000000
0.995480 -0.061691 -0.072209 0.000000 0.021015 0.884541 -0.465989 0.867400 0.092619 0.462365 0.881839 -0.000000 0.000000 0.000000 0.000000 1.000000
0.996813 -0.050083 -0.062099 0.000000 0.015890 0.887438 -0.460653 0.867400 0.078180 0.458198 0.885405 0.000000 0.000000 0.000000 0.000000 1.000000
0.997889 -0.038505 -0.052298 0.000000 0.010522 0.890498 -0.454866 0.867400 0.064086 0.453356 0.889023 0.000000 0.000000 0.000000 0.000000 1.000000
0.998692 -0.027748 -0.042935 0.000000 0.005511 0.893406 -0.449216 0.867400 0.050823 0.448392 0.892391 0.000000 0.000000 0.000000 0.000000 1.000000
0.999249 -0.018293 -0.034170 -0.000000 0.001170 0.895442 -0.445176 0.867400 0.038741 0.444802 0.894791 0.000000 0.000000 0.000000 0.000000 1.000000
0.999603 -0.010877 -0.025974 0.000000 -0.001760 0.896451 -0.443140 0.867400 0.028104 0.443010 0.896076 -0.000000 0.000000 0.000000 0.000000 1.000000
0.999813 -0.005508 -0.018563 0.000000 -0.003268 0.896945 -0.442131 0.867400 0.019085 0.442109 0.896758 -0.000000 0.000000 0.000000 0.000000 1.000000
0.999923 -0.002802 -0.012049 -0.000000 -0.002814 0.896938 -0.442147 0.867400 0.012046 0.442147 0.896862 0.000000 0.000000 0.000000 0.000000 1.000000
0.999972 -0.003540 -0.006577 0.000000 0.000262 0.896651 -0.442739 0.867400 0.007464 0.442725 0.896627 0.000000 0.000000 0.000000 0.000000 1.000000
0.999979 -0.006330 -0.001266 0.000000 0.005117 0.896840 -0.442325 0.867400 0.003935 0.442309 0.896854 -0.000000 0.000000 0.000000 0.000000 1.000000
0.999968 -0.007957 0.001248 -0.000000 0.007689 0.896996 -0.441971 0.867400 0.002397 0.441966 0.897029 -0.000000 0.000000 0.000000 0.000000 1.000000</float_array><technique_common><accessor source="#neck-Matrix-animation-output-transform-array" count="29" stride="16"><param type="float4x4"/></accessor></technique_common></source><source id="neck-Interpolations"><Name_array id="neck-Interpolations-array" count="29">
 LINEAR LINEAR LINEAR LINEAR LINEAR LINEAR LINEAR LINEAR LINEAR LINEAR LINEAR
LINEAR LINEAR LINEAR LINEAR LINEAR LINEAR LINEAR LINEAR LINEAR LINEAR LINEAR LINEAR
LINEAR LINEAR LINEAR LINEAR LINEAR LINEAR</Name_array><technique_common><accessor source="#neck-Interpolations-array" count="29"><param type="name"/></accessor></technique_common></source><sampler id="neck-Matrix-animation-transform"><input semantic="INPUT" source="#neck-Matrix-animation-input"/><input semantic="OUTPUT" source="#neck-Matrix-animation-output-transform"/><input semantic="INTERPOLATION" source="#neck-Interpolations"/></sampler><channel source="#neck-Matrix-animation-transform" target="neck/matrix"/></animation>
    <animation id="shoulder.L-anim" name="shoulder.L"><source id="shoulder.L-Matrix-animation-input"><float_array id="shoulder.L-Matrix-animation-input-array" count="29">

0.000000 0.033333 0.066667 0.100000 0.133333 0.166667 0.200000 0.233333 0.266667 0.300000 0.333333 0.366667 0.400000 0.433333 0.466667 0.500000
0.533333 0.566667 0.600000 0.633333 0.666667 0.700000 0.733333 0.766667 0.800000 0.833333 0.866667 0.900000 0.933333</float_array><technique_common><accessor source="#shoulder.L-Matrix-animation-input-array" count="29"><param name="TIME" type="float"/></accessor></technique_common></source><source id="shoulder.L-Matrix-animation-output-transform"><float_array id="shoulder.L-Matrix-animation-output-transform-array" count="464">

0.041903 0.980848 0.190215 0.059900 -0.124222 -0.183790 0.975085 0.654700 0.991369 -0.064488 0.114141 0.179400 0.000000 0.000000 0.000000 1.000000
0.041071 0.981673 0.186096 0.059900 -0.123804 -0.179817 0.975878 0.654700 0.991456 -0.063120 0.114150 0.179400 0.000000 0.000000 0.000000 1.000000
0.040930 0.982423 0.182127 0.059900 -0.123457 -0.175911 0.976634 0.654700 0.991505 -0.062458 0.114087 0.179400 0.000000 0.000000 0.000000 1.000000
0.041804 0.982943 0.179094 0.059900 -0.123149 -0.172815 0.977225 0.654700 0.991507 -0.062908 0.113824 0.179400 0.000000 0.000000 0.000000 1.000000
0.043335 0.983157 0.177550 0.059900 -0.122977 -0.171116 0.977546 0.654700 0.991463 -0.064197 0.113490 0.179400 0.000000 0.000000 0.000000 1.000000
0.044667 0.983115 0.177454 0.059900 -0.122956 -0.170870 0.977591 0.654700 0.991406 -0.065485 0.113248 0.179400 0.000000 0.000000 0.000000 1.000000
0.045471 0.982934 0.178249 0.059900 -0.123039 -0.171564 0.977460 0.654700 0.991360 -0.066377 0.113138 0.179400 0.000000 0.000000 0.000000 1.000000
0.046500 0.982661 0.179486 0.059900 -0.123169 -0.172669 0.977249 0.654700 0.991296 -0.067549 0.113004 0.179400 0.000000 0.000000 0.000000 1.000000
0.048883 0.982243 0.181132 0.059900 -0.123331 -0.174025 0.976988 0.654700 0.991161 -0.070097 0.112634 0.179400 0.000000 0.000000 0.000000 1.000000
0.052811 0.981679 0.183078 0.059900 -0.123517 -0.175505 0.976699 0.654700 0.990936 -0.074194 0.111985 0.179400 0.000000 0.000000 0.000000 1.000000
0.057066 0.981148 0.184640 0.059900 -0.123662 -0.176570 0.976489 0.654700 0.990682 -0.078557 0.111255 0.179400 0.000000 0.000000 0.000000 1.000000
0.057605 0.981044 0.185025 0.059900 -0.123007 -0.176946 0.976504 0.654700 0.990733 -0.079011 0.110482 0.179400 0.000000 0.000000 0.000000 1.000000
0.052007 0.981437 0.184597 0.059900 -0.121268 -0.177272 0.976662 0.654700 0.991256 -0.073179 0.109797 0.179400 0.000000 0.000000 0.000000 1.000000
0.041580 0.981896 0.184799 0.059900 -0.119092 -0.178770 0.976657 0.654700 0.992012 -0.062618 0.109503 0.179400 0.000000 0.000000 0.000000 1.000000
0.029423 0.982013 0.186507 0.059900 -0.117053 -0.181919 0.976322 0.654700 0.992690 -0.050558 0.109595 0.179400 0.000000 0.000000 0.000000 1.000000
0.020702 0.981798 0.188796 0.059900 -0.115594 -0.185220 0.975875 0.654700 0.993081 -0.042027 0.109656 0.179400 0.000000 0.000000 0.000000 1.000000
