<?xml version="1.0" encoding="utf-8"?>
<COLLADA xmlns="http://www.collada.org/2005/11/COLLADASchema" version="1.4.1">
  <asset><contributor><author>Mixamo</author><authoring_tool>COLLADA Mixamo exporter</authoring_tool><comments></comments></contributor><created>2016-01-22T15:41:55Z</created><modified>2016-01-22T15:41:55Z</modified><revision></revision><title></title><unit meter="0.010000"/><up_axis>Y_UP</up_axis></asset>
  <library_animations>
    <animation id="free3dmodel_skeleton-anim" name="free3dmodel_skeleton"><source id="free3dmodel_skeleton-Matrix-animation-input"><float_array id="free3dmodel_skeleton-Matrix-animation-input-array" count="21">

0.000000 0.033333 0.066667 0.100000 0.133333 0.166667 0.200000 0.233333 0.266667 0.300000 0.333333 0.366667 0.400000 0.433333 0.466667 0.500000
0.533333 0.566667 0.600000 0.633333 0.666667</float_array><technique_common><accessor source="#free3dmodel_skeleton-Matrix-animation-input-array" count="21"><param name="TIME" type="float"/></accessor></technique_common></source><source id="free3dmodel_skeleton-Matrix-animation-output-transform"><float_array id="free3dmodel_skeleton-Matrix-animation-output-transform-array" count="336">

16.093826 92.669725 -33.960431 118.677299 -1.651347 34.656986 93.787880 -19.610077 98.682632 -14.533254 7.107933 -22.656857 0.000000 0.000000 0.000000 1.000000
14.380429 92.498741 -35.173657 72.498154 0.597584 35.461271 93.499418 -18.477020 98.958810 -13.655810 4.546725 -13.664998 0.000000 0.000000 0.000000 1.000000
12.869668 92.383589 -36.050578 23.471451 4.710224 35.742408 93.275367 -14.754761 99.056476 -13.702293 0.248455 1.096394 0.000000 0.000000 0.000000 1.000000
12.698869 92.257345 -36.432418 -28.989807 9.195456 35.476639 93.042204 -10.509552 98.763264 -15.165434 -3.978352 15.148162 0.000000 0.000000 0.000000 1.000000
14.756793 92.134512 -35.964826 -85.269417 11.140423 34.583141 93.165966 -8.380280 98.275775 -17.754943 -5.160812 18.511835 0.000000 0.000000 0.000000 1.000000
18.849668 92.065375 -34.185623 -147.185928 9.144130 33.013072 93.949571 -9.365173 97.780749 -20.835160 -2.195723 8.173517 0.000000 0.000000 0.000000 1.000000
23.570643 92.003926 -31.300197 -213.811462 5.807852 30.816527 94.955834 -11.877472 97.008730 -24.199569 1.920202 -5.522220 0.000000 0.000000 0.000000 1.000000
26.313475 92.009623 -29.014311 -274.979279 4.786539 28.792040 95.645739 -15.734192 96.357097 -26.556499 3.172109 -8.969555 0.000000 0.000000 0.000000 1.000000
26.681241 91.858207 -29.157868 -324.228760 6.382987 28.503911 95.638823 -19.834290 96.163241 -27.378768 1.741899 -3.072157 0.000000 0.000000 0.000000 1.000000
26.631290 91.051434 -31.629270 -363.714600 9.242144 30.250988 94.865486 -21.740601 95.944552 -28.187126 -0.358877 5.235020 0.000000 0.000000 0.000000 1.000000
27.244662 90.033023 -33.937930 -403.518280 11.542494 31.959236 94.049870 -21.894562 95.522245 -29.540853 -1.684870 10.789787 0.000000 0.000000 0.000000 1.000000
27.847452 89.722500 -34.269408 -450.075073 11.822622 32.207191 93.930413 -21.983826 95.313929 -30.208770 -1.638670 11.222264 0.000000 0.000000 0.000000 1.000000
27.908705 90.083244 -33.258283 -501.866364 8.913085 32.054812 94.302948 -21.512817 95.612034 -29.283071 0.916887 2.166831 0.000000 0.000000 0.000000 1.000000
27.411320 90.482210 -32.582037 -553.455505 3.509846 32.915897 94.362199 -18.561005 96.105674 -27.009504 5.846896 -15.887604 0.000000 0.000000 0.000000 1.000000
26.143256 90.643335 -33.171011 -601.605591 -1.098862 34.643482 93.800968 -12.502563 96.515919 -24.158123 10.052980 -31.451927 0.000000 0.000000 0.000000 1.000000
24.121941 90.750915 -34.386094 -647.467590 -2.314839 35.960356 93.281801 -7.426514 97.019449 -21.705398 10.775074 -34.529751 0.000000 0.000000 0.000000 1.000000
21.820505 91.169780 -34.812882 -695.960510 -1.175571 35.915452 93.320407 -6.362946 97.583214 -19.953734 8.908698 -28.229368 0.000000 0.000000 0.000000 1.000000
19.536920 91.963818 -34.072935 -749.664124 -0.206467 34.780921 93.756306 -9.683380 98.072759 -18.246745 6.984996 -21.677227 0.000000 0.000000 0.000000 1.000000
17.599822 92.677934 -33.182027 -803.068542 -0.574619 33.804344 94.111297 -14.905731 98.437371 -16.372750 6.482049 -20.153934 0.000000 0.000000 0.000000 1.000000
16.397336 92.903451 -33.167395 -850.485107 -1.448265 33.845579 94.087084 -18.376221 98.635845 -14.947424 6.895262 -21.948925 0.000000 0.000000 0.000000 1.000000
16.093835 92.669723 -33.960432 -893.410217 -1.651385 34.656992 93.787877 -19.610138 98.682630 -14.533249 7.107973 -22.656982 0.000000 0.000000 0.000000 1.000000</float_array><technique_common><accessor source="#free3dmodel_skeleton-Matrix-animation-output-transform-array" count="21" stride="16"><param type="float4x4"/></accessor></technique_common></source><source id="free3dmodel_skeleton-Interpolations"><Name_array id="free3dmodel_skeleton-Interpolations-array" count="21">
 LINEAR LINEAR LINEAR LINEAR LINEAR LINEAR LINEAR LINEAR LINEAR LINEAR LINEAR
LINEAR LINEAR LINEAR LINEAR LINEAR LINEAR LINEAR LINEAR LINEAR LINEAR</Name_array><technique_common><accessor source="#free3dmodel_skeleton-Interpolations-array" count="21"><param type="name"/></accessor></technique_common></source><sampler id="free3dmodel_skeleton-Matrix-animation-transform"><input semantic="INPUT" source="#free3dmodel_skeleton-Matrix-animation-input"/><input semantic="OUTPUT" source="#free3dmodel_skeleton-Matrix-animation-output-transform"/><input semantic="INTERPOLATION" source="#free3dmodel_skeleton-Interpolations"/></sampler><channel source="#free3dmodel_skeleton-Matrix-animation-transform" target="free3dmodel_skeleton/matrix"/></animation>
    <animation id="hips-anim" name="hips"><source id="hips-Matrix-animation-input"><float_array id="hips-Matrix-animation-input-array" count="21">

0.000000 0.033333 0.066667 0.100000 0.133333 0.166667 0.200000 0.233333 0.266667 0.300000 0.333333 0.366667 0.400000 0.433333 0.466667 0.500000
0.533333 0.566667 0.600000 0.633333 0.666667</float_array><technique_common><accessor source="#hips-Matrix-animation-input-array" count="21"><param name="TIME" type="float"/></accessor></technique_common></source><source id="hips-Matrix-animation-output-transform"><float_array id="hips-Matrix-animation-output-transform-array" count="336">

1.000000 0.000000 -0.000000 -0.000000 0.000000 0.000234 -1.000000 0.052000 0.000000 1.000000 0.000234 3.016600 0.000000 0.000000 0.000000 1.000000
1.000000 0.000000 0.000000 -0.000000 0.000000 0.000234 -1.000000 0.052000 0.000000 1.000000 0.000234 3.016600 0.000000 0.000000 0.000000 1.000000
1.000000 -0.000000 0.000000 0.000000 0.000000 0.000234 -1.000000 0.052000 -0.000000 1.000000 0.000234 3.016600 0.000000 0.000000 0.000000 1.000000
1.000000 0.000000 -0.000000 -0.000000 0.000000 0.000234 -1.000000 0.052000 0.000000 1.000000 0.000234 3.016600 0.000000 0.000000 0.000000 1.000000
1.000000 -0.000000 -0.000000 0.000000 -0.000000 0.000234 -1.000000 0.052000 0.000000 1.000000 0.000234 3.016600 0.000000 0.000000 0.000000 1.000000
1.000000 -0.000000 0.000000 0.000000 0.000000 0.000234 -1.000000 0.052000 -0.000000 1.000000 0.000234 3.016600 0.000000 0.000000 0.000000 1.000000
1.000000 -0.000000 -0.000000 0.000000 -0.000000 0.000234 -1.000000 0.052000 -0.000000 1.000000 0.000234 3.016600 0.000000 0.000000 0.000000 1.000000
1.000000 -0.000000 -0.000000 -0.000000 0.000000 0.000234 -1.000000 0.052000 0.000000 1.000000 0.000234 3.016600 0.000000 0.000000 0.000000 1.000000
1.000000 -0.000000 0.000000 0.000000 -0.000000 0.000234 -1.000000 0.052000 0.000000 1.000000 0.000234 3.016600 0.000000 0.000000 0.000000 1.000000
1.000000 0.000000 -0.000000 0.000000 -0.000000 0.000234 -1.000000 0.052000 -0.000000 1.000000 0.000234 3.016600 0.000000 0.000000 0.000000 1.000000
1.000000 -0.000000 0.000000 0.000000 0.000000 0.000234 -1.000000 0.052000 0.000000 1.000000 0.000234 3.016600 0.000000 0.000000 0.000000 1.000000
1.000000 -0.000000 0.000000 0.000000 0.000000 0.000234 -1.000000 0.052000 0.000000 1.000000 0.000234 3.016600 0.000000 0.000000 0.000000 1.000000
1.000000 -0.000000 0.000000 0.000000 0.000000 0.000234 -1.000000 0.052000 -0.000000 1.000000 0.000234 3.016600 0.000000 0.000000 0.000000 1.000000
1.000000 0.000000 -0.000000 0.000000 -0.000000 0.000234 -1.000000 0.052000 -0.000000 1.000000 0.000234 3.016600 0.000000 0.000000 0.000000 1.000000
1.000000 0.000000 -0.000000 0.000000 0.000000 0.000234 -1.000000 0.052000 0.000000 1.000000 0.000234 3.016600 0.000000 0.000000 0.000000 1.000000
1.000000 0.000000 0.000000 0.000000 -0.000000 0.000234 -1.000000 0.052000 0.000000 1.000000 0.000234 3.016600 0.000000 0.000000 0.000000 1.000000
1.000000 0.000000 0.000000 0.000000 0.000000 0.000234 -1.000000 0.052000 -0.000000 1.000000 0.000234 3.016600 0.000000 0.000000 0.000000 1.000000
1.000000 -0.000000 -0.000000 -0.000000 -0.000000 0.000234 -1.000000 0.052000 -0.000000 1.000000 0.000234 3.016600 0.000000 0.000000 0.000000 1.000000
1.000000 0.000000 0.000000 0.000000 0.000000 0.000234 -1.000000 0.052000 0.000000 1.000000 0.000234 3.016600 0.000000 0.000000 0.000000 1.000000
1.000000 -0.000000 0.000000 0.000000 0.000000 0.000234 -1.000000 0.052000 0.000000 1.000000 0.000234 3.016600 0.000000 0.000000 0.000000 1.000000
1.000000 0.000000 -0.000000 0.000000 -0.000000 0.000234 -1.000000 0.052000 -0.000000 1.000000 0.000234 3.016600 0.000000 0.000000 0.000000 1.000000</float_array><technique_common><accessor source="#hips-Matrix-animation-output-transform-array" count="21" stride="16"><param type="float4x4"/></accessor></technique_common></source><source id="hips-Interpolations"><Name_array id="hips-Interpolations-array" count="21">
 LINEAR LINEAR LINEAR LINEAR LINEAR LINEAR LINEAR LINEAR LINEAR LINEAR LINEAR
LINEAR LINEAR LINEAR LINEAR LINEAR LINEAR LINEAR LINEAR LINEAR LINEAR</Name_array><technique_common><accessor source="#hips-Interpolations-array" count="21"><param type="name"/></accessor></technique_common></source><sampler id="hips-Matrix-animation-transform"><input semantic="INPUT" source="#hips-Matrix-animation-input"/><input semantic="OUTPUT" source="#hips-Matrix-animation-output-transform"/><input semantic="INTERPOLATION" source="#hips-Interpolations"/></sampler><channel source="#hips-Matrix-animation-transform" target="hips/matrix"/></animation>
    <animation id="abdomen-anim" name="abdomen"><source id="abdomen-Matrix-animation-input"><float_array id="abdomen-Matrix-animation-input-array" count="21">

0.000000 0.033333 0.066667 0.100000 0.133333 0.166667 0.200000 0.233333 0.266667 0.300000 0.333333 0.366667 0.400000 0.433333 0.466667 0.500000
0.533333 0.566667 0.600000 0.633333 0.666667</float_array><technique_common><accessor source="#abdomen-Matrix-animation-input-array" count="21"><param name="TIME" type="float"/></accessor></technique_common></source><source id="abdomen-Matrix-animation-output-transform"><float_array id="abdomen-Matrix-animation-output-transform-array" count="336">

0.983541 0.047811 0.174243 0.000000 -0.018217 0.985681 -0.167636 0.491500 -0.179763 0.161702 0.970329 0.000000 0.000000 0.000000 0.000000 1.000000
0.973801 0.084186 0.211245 -0.000000 -0.047223 0.983563 -0.174280 0.491500 -0.222445 0.159739 0.961770 -0.000000 0.000000 0.000000 0.000000 1.000000
0.958402 0.139260 0.249141 -0.000000 -0.095614 0.979106 -0.179472 0.491500 -0.268929 0.148185 0.951692 0.000000 0.000000 0.000000 0.000000 1.000000
0.938781 0.191877 0.286136 0.000000 -0.142674 0.972507 -0.184047 0.491500 -0.313584 0.131956 0.940347 -0.000000 0.000000 0.000000 0.000000 1.000000
0.924366 0.212551 0.316811 0.000000 -0.160351 0.969967 -0.182898 0.491500 -0.346172 0.118263 0.930687 0.000000 0.000000 0.000000 0.000000 1.000000
0.923249 0.190576 0.333606 0.000000 -0.139645 0.975373 -0.170727 0.491500 -0.357927 0.111037 0.927124 0.000000 0.000000 0.000000 0.000000 1.000000
0.933685 0.150539 0.324916 -0.000000 -0.104504 0.982395 -0.154854 0.491500 -0.342508 0.110630 0.932979 0.000000 0.000000 0.000000 0.000000 1.000000
0.948440 0.130102 0.289024 -0.000000 -0.089457 0.984678 -0.149690 0.491500 -0.304070 0.116117 0.945546 -0.000000 0.000000 0.000000 0.000000 1.000000
0.963580 0.130839 0.233228 0.000000 -0.096102 0.983296 -0.154576 0.491500 -0.249557 0.126533 0.960058 -0.000000 0.000000 0.000000 0.000000 1.000000
0.975461 0.136291 0.172915 0.000000 -0.108164 0.980711 -0.162809 0.491500 -0.191769 0.140111 0.971387 0.000000 0.000000 0.000000 0.000000 1.000000
0.982571 0.133742 0.129103 -0.000000 -0.110900 0.979135 -0.170283 0.491500 -0.149183 0.152998 0.976901 -0.000000 0.000000 0.000000 0.000000 1.000000
0.987341 0.119064 0.104797 0.000000 -0.099983 0.980091 -0.171536 0.491500 -0.123134 0.158887 0.979588 0.000000 0.000000 0.000000 0.000000 1.000000
0.992579 0.084934 0.087029 0.000000 -0.070155 0.984510 -0.160681 0.491500 -0.099328 0.153383 0.983162 0.000000 0.000000 0.000000 0.000000 1.000000
0.997351 0.034616 0.063969 -0.000000 -0.025265 0.989601 -0.141603 0.491500 -0.068205 0.139612 0.987855 0.000000 0.000000 0.000000 0.000000 1.000000
0.999349 -0.007079 0.035374 -0.000000 0.011517 0.991852 -0.126870 0.491500 -0.034187 0.127195 0.991288 0.000000 0.000000 0.000000 0.000000 1.000000
0.999765 -0.017469 0.012849 0.000000 0.018926 0.992136 -0.123724 0.491500 -0.010587 0.123938 0.992234 0.000000 0.000000 0.000000 0.000000 1.000000
0.999953 -0.000340 0.009697 0.000000 0.001582 0.991730 -0.128328 0.491500 -0.009573 0.128338 0.991684 0.000000 0.000000 0.000000 0.000000 1.000000
0.999224 0.023974 0.031249 0.000000 -0.019527 0.990575 -0.135570 0.491500 -0.034205 0.134855 0.990275 0.000000 0.000000 0.000000 0.000000 1.000000
0.996518 0.037271 0.074590 0.000000 -0.026195 0.989186 -0.144310 0.491500 -0.079162 0.141853 0.986717 0.000000 0.000000 0.000000 0.000000 1.000000
0.990977 0.040659 0.127718 0.000000 -0.020591 0.987749 -0.154684 0.491500 -0.132442 0.150658 0.979674 -0.000000 0.000000 0.000000 0.000000 1.000000
0.983541 0.047811 0.174243 -0.000000 -0.018217 0.985681 -0.167636 0.491500 -0.179763 0.161703 0.970329 0.000000 0.000000 0.000000 0.000000 1.000000</float_array><technique_common><accessor source="#abdomen-Matrix-animation-output-transform-array" count="21" stride="16"><param type="float4x4"/></accessor></technique_common></source><source id="abdomen-Interpolations"><Name_array id="abdomen-Interpolations-array" count="21">
 LINEAR LINEAR LINEAR LINEAR LINEAR LINEAR LINEAR LINEAR LINEAR LINEAR LINEAR
LINEAR LINEAR LINEAR LINEAR LINEAR LINEAR LINEAR LINEAR LINEAR LINEAR</Name_array><technique_common><accessor source="#abdomen-Interpolations-array" count="21"><param type="name"/></accessor></technique_common></source><sampler id="abdomen-Matrix-animation-transform"><input semantic="INPUT" source="#abdomen-Matrix-animation-input"/><input semantic="OUTPUT" source="#abdomen-Matrix-animation-output-transform"/><input semantic="INTERPOLATION" source="#abdomen-Interpolations"/></sampler><channel source="#abdomen-Matrix-animation-transform" target="abdomen/matrix"/></animation>
    <animation id="abdomen2-anim" name="abdomen2"><source id="abdomen2-Matrix-animation-input"><float_array id="abdomen2-Matrix-animation-input-array" count="21">

0.000000 0.033333 0.066667 0.100000 0.133333 0.166667 0.200000 0.233333 0.266667 0.300000 0.333333 0.366667 0.400000 0.433333 0.466667 0.500000
0.533333 0.566667 0.600000 0.633333 0.666667</float_array><technique_common><accessor source="#abdomen2-Matrix-animation-input-array" count="21"><param name="TIME" type="float"/></accessor></technique_common></source><source id="abdomen2-Matrix-animation-output-transform"><float_array id="abdomen2-Matrix-animation-output-transform-array" count="336">

0.997047 0.005712 0.076582 0.000000 -0.019714 0.982848 0.183359 0.263800 -0.074221 -0.184327 0.980059 0.000000 0.000000 0.000000 0.000000 1.000000
0.995082 0.013888 0.098077 -0.000000 -0.031709 0.982683 0.182563 0.263800 -0.093844 -0.184775 0.978290 -0.000000 0.000000 0.000000 0.000000 1.000000
0.992561 0.023360 0.119483 -0.000000 -0.045192 0.981995 0.183422 0.263800 -0.113046 -0.187458 0.975746 0.000000 0.000000 0.000000 0.000000 1.000000
0.990176 0.029723 0.136632 0.000000 -0.055020 0.981141 0.185298 0.263800 -0.128548 -0.190995 0.973137 0.000000 0.000000 0.000000 0.000000 1.000000
0.988807 0.030042 0.146147 0.000000 -0.057663 0.980357 0.188616 0.263800 -0.137610 -0.194932 0.971115 -0.000000 0.000000 0.000000 0.000000 1.000000
0.988696 0.025937 0.147675 0.000000 -0.054566 0.979628 0.193265 0.263800 -0.139654 -0.199138 0.969969 0.000000 0.000000 0.000000 0.000000 1.000000
0.989580 0.022273 0.142253 -0.000000 -0.050369 0.979090 0.197094 0.263800 -0.134888 -0.202206 0.970009 -0.000000 0.000000 0.000000 0.000000 1.000000
0.991304 0.022576 0.129637 -0.000000 -0.048148 0.979084 0.197678 0.263800 -0.122463 -0.202201 0.971657 -0.000000 0.000000 0.000000 0.000000 1.000000
0.993574 0.026336 0.110078 0.000000 -0.047565 0.979659 0.194951 0.263800 -0.102705 -0.198934 0.974616 0.000000 0.000000 0.000000 0.000000 1.000000
0.995647 0.030358 0.088121 0.000000 -0.046780 0.980523 0.190752 0.263800 -0.080614 -0.194044 0.977675 -0.000000 0.000000 0.000000 0.000000 1.000000
0.997034 0.031704 0.070122 0.000000 -0.044363 0.981340 0.187094 0.263800 -0.062882 -0.189650 0.979836 0.000000 0.000000 0.000000 0.000000 1.000000
0.997964 0.028639 0.056981 -0.000000 -0.038793 0.981791 0.185960 0.263800 -0.050618 -0.187791 0.980904 0.000000 0.000000 0.000000 0.000000 1.000000
0.998809 0.020302 0.044373 0.000000 -0.028322 0.981694 0.188349 0.263800 -0.039737 -0.189381 0.981099 0.000000 0.000000 0.000000 0.000000 1.000000
0.999508 0.008899 0.030065 0.000000 -0.014530 0.981166 0.192618 0.263800 -0.027785 -0.192960 0.980813 -0.000000 0.000000 0.000000 0.000000 1.000000
0.999859 0.000700 0.016767 0.000000 -0.003973 0.980603 0.195967 0.263800 -0.016304 -0.196006 0.980467 0.000000 0.000000 0.000000 0.000000 1.000000
0.999955 0.000371 0.009436 0.000000 -0.002226 0.980334 0.197331 0.263800 -0.009178 -0.197344 0.980291 0.000000 0.000000 0.000000 0.000000 1.000000
0.999919 0.005349 0.011536 0.000000 -0.007520 0.980319 0.197279 0.263800 -0.010254 -0.197349 0.980280 0.000000 0.000000 0.000000 0.000000 1.000000
0.999701 0.008942 0.022740 0.000000 -0.013230 0.980504 0.196053 0.263800 -0.020544 -0.196296 0.980330 -0.000000 0.000000 0.000000 0.000000 1.000000
0.999186 0.008107 0.039510 0.000000 -0.015600 0.981030 0.193225 0.263800 -0.037194 -0.193685 0.980359 -0.000000 0.000000 0.000000 0.000000 1.000000
0.998297 0.005581 0.058062 0.000000 -0.016466 0.981888 0.188747 0.263800 -0.055957 -0.189382 0.980308 -0.000000 0.000000 0.000000 0.000000 1.000000
0.997047 0.005712 0.076582 -0.000000 -0.019715 0.982848 0.183359 0.263800 -0.074221 -0.184327 0.980059 0.000000 0.000000 0.000000 0.000000 1.000000</float_array><technique_common><accessor source="#abdomen2-Matrix-animation-output-transform-array" count="21" stride="16"><param type="float4x4"/></accessor></technique_common></source><source id="abdomen2-Interpolations"><Name_array id="abdomen2-Interpolations-array" count="21">
 LINEAR LINEAR LINEAR LINEAR LINEAR LINEAR LINEAR LINEAR LINEAR LINEAR LINEAR
LINEAR LINEAR LINEAR LINEAR LINEAR LINEAR LINEAR LINEAR LINEAR LINEAR</Name_array><technique_common><accessor source="#abdomen2-Interpolations-array" count="21"><param type="name"/></accessor></technique_common></source><sampler id="abdomen2-Matrix-animation-transform"><input semantic="INPUT" source="#abdomen2-Matrix-animation-input"/><input semantic="OUTPUT" source="#abdomen2-Matrix-animation-output-transform"/><input semantic="INTERPOLATION" source="#abdomen2-Interpolations"/></sampler><channel source="#abdomen2-Matrix-animation-transform" target="abdomen2/matrix"/></animation>
    <animation id="chest-anim" name="chest"><source id="chest-Matrix-animation-input"><float_array id="chest-Matrix-animation-input-array" count="21">

0.000000 0.033333 0.066667 0.100000 0.133333 0.166667 0.200000 0.233333 0.266667 0.300000 0.333333 0.366667 0.400000 0.433333 0.466667 0.500000
0.533333 0.566667 0.600000 0.633333 0.666667</float_array><technique_common><accessor source="#chest-Matrix-animation-input-array" count="21"><param name="TIME" type="float"/></accessor></technique_common></source><source id="chest-Matrix-animation-output-transform"><float_array id="chest-Matrix-animation-output-transform-array" count="336">

0.997042 0.021907 0.073670 0.000000 -0.001945 0.965405 -0.260749 0.460500 -0.076834 0.259835 0.962592 0.000000 0.000000 0.000000 0.000000 1.000000
0.995073 0.034557 0.092924 -0.000000 -0.009145 0.965282 -0.261048 0.460500 -0.098719 0.258912 0.960843 0.000000 0.000000 0.000000 0.000000 1.000000
0.992538 0.048281 0.111967 0.000000 -0.017716 0.965622 -0.259345 0.460500 -0.120640 0.255426 0.959272 -0.000000 0.000000 0.000000 0.000000 1.000000
0.990132 0.058046 0.127548 -0.000000 -0.023594 0.966237 -0.256574 0.460500 -0.138135 0.251033 0.958072 0.000000 0.000000 0.000000 0.000000 1.000000
0.988750 0.060508 0.136792 -0.000000 -0.024214 0.967213 -0.252810 0.460500 -0.147604 0.246653 0.957797 0.000000 0.000000 0.000000 0.000000 1.000000
0.988647 0.057228 0.138935 0.000000 -0.021153 0.968432 -0.248380 0.460500 -0.148763 0.242622 0.958647 0.000000 0.000000 0.000000 0.000000 1.000000
0.989551 0.052902 0.134129 0.000000 -0.018588 0.969302 -0.245171 0.460500 -0.142981 0.240116 0.960157 0.000000 0.000000 0.000000 0.000000 1.000000
0.991285 0.050588 0.121631 0.000000 -0.019374 0.969270 -0.245235 0.460500 -0.130299 0.240741 0.961803 -0.000000 0.000000 0.000000 0.000000 1.000000
0.993552 0.049817 0.101846 0.000000 -0.023085 0.968368 -0.248457 0.460500 -0.111002 0.244504 0.963274 -0.000000 0.000000 0.000000 0.000000 1.000000
0.995624 0.048725 0.079736 0.000000 -0.027069 0.967095 -0.252971 0.460500 -0.089438 0.249706 0.964182 0.000000 0.000000 0.000000 0.000000 1.000000
0.997015 0.046042 0.061985 0.000000 -0.028643 0.966029 -0.256840 0.460500 -0.071704 0.254298 0.964464 0.000000 0.000000 0.000000 0.000000 1.000000
0.997946 0.040223 0.049859 0.000000 -0.026025 0.965741 -0.258199 0.460500 -0.058536 0.256371 0.964804 -0.000000 0.000000 0.000000 0.000000 1.000000
0.998793 0.029344 0.039393 0.000000 -0.018295 0.966482 -0.256082 0.460500 -0.045587 0.255052 0.965852 0.000000 0.000000 0.000000 0.000000 1.000000
0.999496 0.015062 0.027928 0.000000 -0.007539 0.967678 -0.252075 0.460500 -0.030822 0.251738 0.967304 0.000000 0.000000 0.000000 0.000000 1.000000
0.999852 0.004176 0.016711 0.000000 0.000115 0.968526 -0.248912 0.460500 -0.017225 0.248877 0.968382 0.000000 0.000000 0.000000 0.000000 1.000000
0.999951 0.002334 0.009577 0.000000 0.000111 0.968852 -0.247641 0.460500 -0.009856 0.247630 0.968805 0.000000 0.000000 0.000000 0.000000 1.000000
0.999915 0.007688 0.010494 0.000000 -0.004849 0.968824 -0.247701 0.460500 -0.012071 0.247629 0.968780 0.000000 0.000000 0.000000 0.000000 1.000000
0.999696 0.013558 0.020606 0.000000 -0.008006 0.968512 -0.248837 0.460500 -0.023331 0.248596 0.968326 0.000000 0.000000 0.000000 0.000000 1.000000
0.999179 0.016251 0.037103 0.000000 -0.006403 0.967844 -0.251471 0.460500 -0.039996 0.251027 0.967153 0.000000 0.000000 0.000000 0.000000 1.000000
0.998291 0.017728 0.055692 -0.000000 -0.002905 0.966757 -0.255679 0.460500 -0.058373 0.255080 0.965156 0.000000 0.000000 0.000000 0.000000 1.000000
0.997042 0.021906 0.073670 0.000000 -0.001945 0.965405 -0.260749 0.460500 -0.076834 0.259835 0.962592 0.000000 0.000000 0.000000 0.000000 1.000000</float_array><technique_common><accessor source="#chest-Matrix-animation-output-transform-array" count="21" stride="16"><param type="float4x4"/></accessor></technique_common></source><source id="chest-Interpolations"><Name_array id="chest-Interpolations-array" count="21">
 LINEAR LINEAR LINEAR LINEAR LINEAR LINEAR LINEAR LINEAR LINEAR LINEAR LINEAR
LINEAR LINEAR LINEAR LINEAR LINEAR LINEAR LINEAR LINEAR LINEAR LINEAR</Name_array><technique_common><accessor source="#chest-Interpolations-array" count="21"><param type="name"/></accessor></technique_common></source><sampler id="chest-Matrix-animation-transform"><input semantic="INPUT" source="#chest-Matrix-animation-input"/><input semantic="OUTPUT" source="#chest-Matrix-animation-output-transform"/><input semantic="INTERPOLATION" source="#chest-Interpolations"/></sampler><channel source="#chest-Matrix-animation-transform" target="chest/matrix"/></animation>
    <animation id="neck-anim" name="neck"><source id="neck-Matrix-animation-input"><float_array id="neck-Matrix-animation-input-array" count="21">

0.000000 0.033333 0.066667 0.100000 0.133333 0.166667 0.200000 0.233333 0.266667 0.300000 0.333333 0.366667 0.400000 0.433333 0.466667 0.500000
0.533333 0.566667 0.600000 0.633333 0.666667</float_array><technique_common><accessor source="#neck-Matrix-animation-input-array" count="21"><param name="TIME" type="float"/></accessor></technique_common></source><source id="neck-Matrix-animation-output-transform"><float_array id="neck-Matrix-animation-output-transform-array" count="336">

0.991883 0.011932 0.126592 -0.000000 0.028228 0.950079 -0.310730 0.867400 -0.123980 0.311781 0.942031 0.000000 0.000000 0.000000 0.000000 1.000000
0.993269 -0.005955 0.115680 0.000000 0.041900 0.949523 -0.310887 0.867400 -0.107990 0.313641 0.943381 -0.000000 0.000000 0.000000 0.000000 1.000000
0.994455 -0.024044 0.102382 -0.000000 0.055894 0.945474 -0.320865 0.867400 -0.089085 0.324808 0.941575 0.000000 0.000000 0.000000 0.000000 1.000000
0.995462 -0.036756 0.087775 0.000000 0.064433 0.939125 -0.337480 0.867400 -0.070027 0.341604 0.937232 0.000000 0.000000 0.000000 0.000000 1.000000
0.996223 -0.042985 0.075441 -0.000000 0.067116 0.932453 -0.355004 0.867400 -0.055085 0.358726 0.931816 0.000000 0.000000 0.000000 0.000000 1.000000
0.996443 -0.046928 0.069999 0.000000 0.069481 0.927527 -0.367242 0.867400 -0.047692 0.370799 0.927488 -0.000000 0.000000 0.000000 0.000000 1.000000
0.996000 -0.049629 0.074301 -0.000000 0.073715 0.926344 -0.369395 0.867400 -0.050496 0.373394 0.926297 0.000000 0.000000 0.000000 0.000000 1.000000
0.995168 -0.044449 0.087549 -0.000000 0.073233 0.929961 -0.360291 0.867400 -0.065402 0.364962 0.928722 0.000000 0.000000 0.000000 0.000000 1.000000
0.994135 -0.027205 0.104670 0.000000 0.061986 0.936427 -0.345345 0.867400 -0.088620 0.349807 0.932621 -0.000000 0.000000 0.000000 0.000000 1.000000
0.992912 -0.006752 0.118663 0.000000 0.046279 0.941555 -0.333664 0.867400 -0.109475 0.336790 0.935194 0.000000 0.000000 0.000000 0.000000 1.000000
0.991942 0.004078 0.126627 -0.000000 0.038285 0.943108 -0.330276 0.867400 -0.120769 0.332463 0.935352 0.000000 0.000000 0.000000 0.000000 1.000000
0.991155 0.006318 0.132561 0.000000 0.038588 0.941987 -0.333423 0.867400 -0.126977 0.335589 0.933411 0.000000 0.000000 0.000000 0.000000 1.000000
0.989868 0.011945 0.141491 0.000000 0.036884 0.940621 -0.337450 0.867400 -0.137120 0.339250 0.930649 0.000000 0.000000 0.000000 0.000000 1.000000
0.987765 0.025731 0.153810 -0.000000 0.027859 0.941311 -0.336388 0.867400 -0.153439 0.336557 0.929078 -0.000000 0.000000 0.000000 0.000000 1.000000
0.985230 0.040886 0.166283 0.000000 0.016204 0.944457 -0.328234 0.867400 -0.170467 0.326080 0.929845 0.000000 0.000000 0.000000 0.000000 1.000000
0.983453 0.049058 0.174394 -0.000000 0.009133 0.947987 -0.318178 0.867400 -0.180932 0.314505 0.931853 0.000000 0.000000 0.000000 0.000000 1.000000
0.983509 0.048147 0.174332 0.000000 0.009250 0.949262 -0.314351 0.867400 -0.180622 0.310780 0.933162 0.000000 0.000000 0.000000 0.000000 1.000000
0.985314 0.041271 0.165692 0.000000 0.013812 0.947908 -0.318246 0.867400 -0.170195 0.315861 0.933416 0.000000 0.000000 0.000000 0.000000 1.000000
0.987838 0.032109 0.152137 0.000000 0.018921 0.946352 -0.322584 0.867400 -0.154333 0.321540 0.934234 -0.000000 0.000000 0.000000 0.000000 1.000000
0.990142 0.022367 0.138269 0.000000 0.023331 0.947039 -0.320270 0.867400 -0.138109 0.320338 0.937181 0.000000 0.000000 0.000000 0.000000 1.000000
0.991883 0.011932 0.126592 0.000000 0.028228 0.950079 -0.310730 0.867400 -0.123980 0.311781 0.942031 0.000000 0.000000 0.000000 0.000000 1.000000</float_array><technique_common><accessor source="#neck-Matrix-animation-output-transform-array" count="21" stride="16"><param type="float4x4"/></accessor></technique_common></source><source id="neck-Interpolations"><Name_array id="neck-Interpolations-array" count="21">
 LINEAR LINEAR LINEAR LINEAR LINEAR LINEAR LINEAR LINEAR LINEAR LINEAR LINEAR
LINEAR LINEAR LINEAR LINEAR LINEAR LINEAR LINEAR LINEAR LINEAR LINEAR</Name_array><technique_common><accessor source="#neck-Interpolations-array" count="21"><param type="name"/></accessor></technique_common></source><sampler id="neck-Matrix-animation-transform"><input semantic="INPUT" source="#neck-Matrix-animation-input"/><input semantic="OUTPUT" source="#neck-Matrix-animation-output-transform"/><input semantic="INTERPOLATION" source="#neck-Interpolations"/></sampler><channel source="#neck-Matrix-animation-transform" target="neck/matrix"/></animation>
    <animation id="shoulder.L-anim" name="shoulder.L"><source id="shoulder.L-Matrix-animation-input"><float_array id="shoulder.L-Matrix-animation-input-array" count="21">

0.000000 0.033333 0.066667 0.100000 0.133333 0.166667 0.200000 0.233333 0.266667 0.300000 0.333333 0.366667 0.400000 0.433333 0.466667 0.500000
0.533333 0.566667 0.600000 0.633333 0.666667</float_array><technique_common><accessor source="#shoulder.L-Matrix-animation-input-array" count="21"><param name="TIME" type="float"/></accessor></technique_common></source><source id="shoulder.L-Matrix-animation-output-transform"><float_array id="shoulder.L-Matrix-animation-output-transform-array" count="336">

0.372690 0.905985 0.200733 0.059900 -0.114147 -0.169916 0.978825 0.654700 0.920909 -0.387711 0.040089 0.179400 0.000000 0.000000 0.000000 1.000000
0.422502 0.888651 0.178302 0.059900 -0.105508 -0.147164 0.983469 0.654700 0.900200 -0.434329 0.031583 0.179400 0.000000 0.000000 0.000000 1.000000
0.476362 0.870869 0.121106 0.059900 -0.079563 -0.094478 0.992342 0.654700 0.875642 -0.482349 0.024283 0.179400 0.000000 0.000000 0.000000 1.000000
0.516509 0.855358 0.039761 0.059900 -0.037991 -0.023497 0.999002 0.654700 0.855439 -0.517504 0.020360 0.179400 0.000000 0.000000 0.000000 1.000000
0.530606 0.846697 -0.039511 0.059900 0.004205 0.043984 0.999023 0.654700 0.847608 -0.530254 0.019778 0.179400 0.000000 0.000000 0.000000 1.000000
0.523199 0.847445 -0.089992 0.059900 0.030055 0.087184 0.995739 0.654700 0.851680 -0.523675 0.020144 0.179400 0.000000 0.000000 0.000000 1.000000
0.507566 0.856253 -0.095958 0.059900 0.032119 0.092489 0.995196 0.654700 0.861014 -0.508209 0.019442 0.179400 0.000000 0.000000 0.000000 1.000000
0.488888 0.871008 -0.048319 0.059900 0.007186 0.051367 0.998654 0.654700 0.872317 -0.488577 0.018854 0.179400 0.000000 0.000000 0.000000 1.000000
0.455545 0.888763 0.050775 0.059900 -0.043641 -0.034673 0.998445 0.654700 0.889142 -0.457053 0.022991 0.179400 0.000000 0.000000 0.000000 1.000000
0.390583 0.904501 0.171243 0.059900 -0.101489 -0.142576 0.984567 0.654700 0.914956 -0.401934 0.036109 0.179400 0.000000 0.000000 0.000000 1.000000
0.303099 0.916388 0.261465 0.059900 -0.136857 -0.229669 0.963599 0.654700 0.943081 -0.327849 0.055801 0.179400 0.000000 0.000000 0.000000 1.000000
0.232587 0.928292 0.290133 0.059900 -0.143114 -0.262400 0.954288 0.654700 0.961989 -0.263477 0.071821 0.179400 0.000000 0.000000 0.000000 1.000000
0.207885 0.940778 0.267806 0.059900 -0.134954 -0.243583 0.960445 0.654700 0.968799 -0.235804 0.076325 0.179400 0.000000 0.000000 0.000000 1.000000
0.226258 0.947514 0.225886 0.059900 -0.122733 -0.202320 0.971598 0.654700 0.966304 -0.247556 0.070515 0.179400 0.000000 0.000000 0.000000 1.000000
0.267066 0.944404 0.191774 0.059900 -0.111398 -0.167414 0.979573 0.654700 0.957218 -0.282974 0.060494 0.179400 0.000000 0.000000 0.000000 1.000000
0.305706 0.935423 0.177562 0.059900 -0.105567 -0.152039 0.982721 0.654700 0.946255 -0.319169 0.052271 0.179400 0.000000 0.000000 0.000000 1.000000
0.325906 0.928126 0.179910 0.059900 -0.106234 -0.153142 0.982477 0.654700 0.939414 -0.339308 0.048689 0.179400 0.000000 0.000000 0.000000 1.000000
0.329436 0.925239 0.188158 0.059900 -0.109560 -0.160476 0.980940 0.654700 0.937800 -0.343772 0.048503 0.179400 0.000000 0.000000 0.000000 1.000000
0.331307 0.923185 0.194845 0.059900 -0.112108 -0.166528 0.979643 0.654700 0.936839 -0.346407 0.048324 0.179400 0.000000 0.000000 0.000000 1.000000
0.344456 0.917504 0.198835 0.059900 -0.113455 -0.169561 0.978967 0.654700 0.931922 -0.359770 0.045689 0.179400 0.000000 0.000000 0.000000 1.000000
0.372690 0.905985 0.200733 0.059900 -0.114147 -0.169916 0.978825 0.654700 0.920909 -0.387711 0.040089 0.179400 0.000000 0.000000 0.000000 1.000000</float_array><technique_common><accessor source="#shoulder.L-Matrix-animation-output-transform-array" count="21" stride="16"><param type="float4x4"/></accessor></technique_common></source><source id="shoulder.L-Interpolations"><Name_array id="shoulder.L-Interpolations-array" count="21">
 LINEAR LINEAR LINEAR LINEAR LINEAR LINEAR LINEAR LINEAR LINEAR LINEAR LINEAR
LINEAR LINEAR LINEAR LINEAR LINEAR LINEAR LINEAR LINEAR LINEAR LINEAR</Name_array><technique_common><accessor source="#shoulder.L-Interpolations-array" count="21"><param type="name"/></accessor></technique_common></source><sampler id="shoulder.L-Matrix-animation-transform"><input semantic="INPUT" source="#shoulder.L-Matrix-animation-input"/><input semantic="OUTPUT" source="#shoulder.L-Matrix-animation-output-transform"/><input semantic="INTERPOLATION" source="#shoulder.L-Interpolations"/></sampler><channel source="#shoulder.L-Matrix-animation-transform" target="shoulder.L/matrix"/></animation>
    <animation id="upper_arm.L-anim" name="upper_arm.L"><source id="upper_arm.L-Matrix-animation-input"><float_array id="upper_arm.L-Matrix-animation-input-array" count="21">

0.000000 0.033333 0.066667 0.100000 0.133333 0.166667 0.200000 0.233333 0.266667 0.300000 0.333333 0.366667 0.400000 0.433333 0.466667 0.500000
0.533333 0.566667 0.600000 0.633333 0.666667</float_array><technique_common><accessor source="#upper_arm.L-Matrix-animation-input-array" count="21"><param name="TIME" type="float"/></accessor></technique_common></source><source id="upper_arm.L-Matrix-animation-output-transform"><float_array id="upper_arm.L-Matrix-animation-output-transform-array" count="336">

-0.442181 0.169832 0.880700 -0.000000 -0.598336 0.675641 -0.430701 0.578400 -0.668184 -0.717402 -0.197139 0.000000 0.000000 0.000000 0.000000 1.000000
-0.448044 0.037710 0.893216 -0.000000 -0.637323 0.687189 -0.348698 0.578400 -0.626957 -0.725500 -0.283857 0.000000 0.000000 0.000000 0.000000 1.000000
-0.466378 -0.113360 0.877292 -0.000000 -0.666735 0.696818 -0.264404 0.578400 -0.581340 -0.708233 -0.400561 0.000000 0.000000 0.000000 0.000000 1.000000
-0.483343 -0.261785 0.835373 0.000000 -0.696588 0.692974 -0.185882 0.578400 -0.530230 -0.671756 -0.517301 0.000000 0.000000 0.000000 0.000000 1.000000
-0.484615 -0.373710 0.790879 0.000000 -0.724994 0.677480 -0.124118 0.578400 -0.489420 -0.633532 -0.599254 0.000000 0.000000 0.000000 0.000000 1.000000
-0.472042 -0.431993 0.768478 0.000000 -0.745580 0.660774 -0.086528 0.578400 -0.470411 -0.613807 -0.633999 0.000000 0.000000 0.000000 0.000000 1.000000
-0.452751 -0.444711 0.772818 -0.000000 -0.760532 0.645026 -0.074378 0.578400 -0.465411 -0.621428 -0.630254 0.000000 0.000000 0.000000 0.000000 1.000000
-0.427375 -0.417691 0.801801 -0.000000 -0.769670 0.633372 -0.080299 0.578400 -0.474298 -0.651440 -0.592172 0.000000 0.000000 0.000000 0.000000 1.000000
-0.398528 -0.337012 0.852994 -0.000000 -0.758286 0.644247 -0.099742 0.578400 -0.515925 -0.686563 -0.512302 -0.000000 0.000000 0.000000 0.000000 1.000000
-0.377014 -0.185641 0.907413 -0.000000 -0.709693 0.687422 -0.154230 0.578400 -0.595144 -0.702132 -0.390916 -0.000000 0.000000 0.000000 0.000000 1.000000
-0.371383 0.028999 0.928027 0.000000 -0.625603 0.730744 -0.273191 0.578400 -0.686073 -0.682035 -0.253244 0.000000 0.000000 0.000000 0.000000 1.000000
-0.380218 0.252706 0.889705 -0.000000 -0.525956 0.732195 -0.432737 0.578400 -0.760792 -0.632480 -0.145481 0.000000 0.000000 0.000000 0.000000 1.000000
-0.391105 0.421740 0.818029 0.000000 -0.430315 0.701895 -0.567602 0.578400 -0.813551 -0.574002 -0.093033 0.000000 0.000000 0.000000 0.000000 1.000000
-0.382767 0.527923 0.758147 0.000000 -0.356611 0.672609 -0.648403 0.578400 -0.852243 -0.518550 -0.069189 0.000000 0.000000 0.000000 0.000000 1.000000
-0.345329 0.594691 0.726010 0.000000 -0.320338 0.652446 -0.686803 0.578400 -0.882118 -0.469741 -0.034807 0.000000 0.000000 0.000000 0.000000 1.000000
-0.301314 0.626209 0.719077 0.000000 -0.326318 0.640871 -0.694839 0.578400 -0.895950 -0.444013 0.011240 0.000000 0.000000 0.000000 0.000000 1.000000
-0.292335 0.605875 0.739902 0.000000 -0.364362 0.644777 -0.671940 0.578400 -0.884184 -0.466024 0.032267 0.000000 0.000000 0.000000 0.000000 1.000000
-0.332826 0.525312 0.783119 -0.000000 -0.419112 0.661529 -0.621872 0.578400 -0.844732 -0.535189 -0.000009 -0.000000 0.000000 0.000000 0.000000 1.000000
-0.392971 0.405110 0.825506 -0.000000 -0.481594 0.674092 -0.560061 0.578400 -0.783353 -0.617646 -0.069800 0.000000 0.000000 0.000000 0.000000 1.000000
-0.434264 0.280622 0.855959 0.000000 -0.543596 0.676065 -0.497434 0.578400 -0.718275 -0.681313 -0.141045 0.000000 0.000000 0.000000 0.000000 1.000000
-0.442182 0.169832 0.880700 0.000000 -0.598336 0.675641 -0.430701 0.578400 -0.668184 -0.717402 -0.197139 0.000000 0.000000 0.000000 0.000000 1.000000</float_array><technique_common><accessor source="#upper_arm.L-Matrix-animation-output-transform-array" count="21" stride="16"><param type="float4x4"/></accessor></technique_common></source><source id="upper_arm.L-Interpolations"><Name_array id="upper_arm.L-Interpolations-array" count="21">
 LINEAR LINEAR LINEAR LINEAR LINEAR LINEAR LINEAR LINEAR LINEAR LINEAR LINEAR
LINEAR LINEAR LINEAR LINEAR LINEAR LINEAR LINEAR LINEAR LINEAR LINEAR</Name_array><technique_common><accessor source="#upper_arm.L-Interpolations-array" count="21"><param type="name"/></accessor></technique_common></source><sampler id="upper_arm.L-Matrix-animation-transform"><input semantic="INPUT" source="#upper_arm.L-Matrix-animation-input"/><input semantic="OUTPUT" source="#upper_arm.L-Matrix-animation-output-transform"/><input semantic="INTERPOLATION" source="#upper_arm.L-Interpolations"/></sampler><channel source="#upper_arm.L-Matrix-animation-transform" target="upper_arm.L/matrix"/></animation>
    <animation id="forearm.L-anim" name="forearm.L"><source id="forearm.L-Matrix-animation-input"><float_array id="forearm.L-Matrix-animation-input-array" count="21">

0.000000 0.033333 0.066667 0.100000 0.133333 0.166667 0.200000 0.233333 0.266667 0.300000 0.333333 0.366667 0.400000 0.433333 0.466667 0.500000
0.533333 0.566667 0.600000 0.633333 0.666667</float_array><technique_common><accessor source="#forearm.L-Matrix-animation-input-array" count="21"><param name="TIME" type="float"/></accessor></technique_common></source><source id="forearm.L-Matrix-animation-output-transform"><float_array id="forearm.L-Matrix-animation-output-transform-array" count="336">

1.000000 -0.000163 -0.000672 0.000000 -0.000501 0.498949 -0.866631 0.932700 0.000477 0.866631 0.498949 -0.000000 0.000000 0.000000 0.000000 1.000000
1.000000 -0.000148 -0.000695 0.000000 -0.000453 0.621024 -0.783792 0.932700 0.000547 0.783792 0.621024 0.000000 0.000000 0.000000 0.000000 1.000000
1.000000 -0.000142 -0.000702 -0.000000 -0.000434 0.659711 -0.751519 0.932700 0.000570 0.751519 0.659711 -0.000000 0.000000 0.000000 0.000000 1.000000
1.000000 -0.000147 -0.000697 0.000000 -0.000448 0.631003 -0.775781 0.932700 0.000553 0.775781 0.631002 0.000000 0.000000 0.000000 0.000000 1.000000
1.000000 -0.000155 -0.000685 0.000000 -0.000474 0.572338 -0.820018 0.932700 0.000519 0.820018 0.572337 0.000000 0.000000 0.000000 0.000000 1.000000
