<?xml version="1.0" encoding="utf-8"?>
<COLLADA xmlns="http://www.collada.org/2005/11/COLLADASchema" version="1.4.1">
  <asset><contributor><author>Mixamo</author><authoring_tool>COLLADA Mixamo exporter</authoring_tool><comments></comments></contributor><created>2016-01-22T15:42:00Z</created><modified>2016-01-22T15:42:00Z</modified><revision></revision><title></title><unit meter="0.010000"/><up_axis>Y_UP</up_axis></asset>
  <library_animations>
    <animation id="free3dmodel_skeleton-anim" name="free3dmodel_skeleton"><source id="free3dmodel_skeleton-Matrix-animation-input"><float_array id="free3dmodel_skeleton-Matrix-animation-input-array" count="23">

0.000000 0.033333 0.066667 0.100000 0.133333 0.166667 0.200000 0.233333 0.266667 0.300000 0.333333 0.366667 0.400000 0.433333 0.466667 0.500000
0.533333 0.566667 0.600000 0.633333 0.666667 0.700000 0.733333</float_array><technique_common><accessor source="#free3dmodel_skeleton-Matrix-animation-input-array" count="23"><param name="TIME" type="float"/></accessor></technique_common></source><source id="free3dmodel_skeleton-Matrix-animation-output-transform"><float_array id="free3dmodel_skeleton-Matrix-animation-output-transform-array" count="368">

95.034229 30.479486 6.284600 -19.857954 -17.017683 33.989253 92.493941 -30.855499 26.055589 -88.970398 37.488327 -130.301422 0.000000 0.000000 0.000000 1.000000
96.633081 25.721084 -0.688096 5.019073 -8.658918 35.026229 93.264068 -30.222595 24.229543 -90.064361 36.074092 -76.810364 0.000000 0.000000 0.000000 1.000000
98.512117 15.158897 -8.097571 30.263897 1.643653 38.590736 92.239111 -20.976410 17.107344 -90.999796 37.767391 -32.018570 0.000000 0.000000 0.000000 1.000000
99.413864 4.567454 -9.799084 35.694450 7.081807 40.974031 90.944911 -11.162872 8.168947 -91.105802 40.410409 9.527191 0.000000 0.000000 0.000000 1.000000
99.784626 -3.071749 -5.795929 22.715654 6.548042 41.400798 90.791503 -6.986298 -0.389326 -90.975482 41.512771 55.071442 0.000000 0.000000 0.000000 1.000000
99.702930 -7.324556 -2.382579 12.263678 5.056062 38.902789 91.983744 -11.509552 -5.810511 -91.830953 39.157555 109.874611 0.000000 0.000000 0.000000 1.000000
99.556119 -8.967864 -2.855962 14.985768 5.813364 34.729763 93.595130 -20.037476 -7.401615 -93.345707 35.096939 170.534119 0.000000 0.000000 0.000000 1.000000
99.497667 -8.994894 -4.393868 21.023045 7.075639 32.140302 94.429531 -27.300079 -7.081634 -94.266075 32.615297 224.497620 0.000000 0.000000 0.000000 1.000000
99.226385 -10.760591 -6.191459 28.224600 9.278326 31.142275 94.573101 -35.113281 -8.248464 -94.415933 31.899757 268.838562 0.000000 0.000000 0.000000 1.000000
98.420539 -16.255290 -7.011633 31.253897 11.895880 31.394855 94.195813 -39.375702 -13.110511 -93.542122 32.832695 305.748474 0.000000 0.000000 0.000000 1.000000
97.303895 -23.000332 -1.713720 11.940087 9.264265 32.171997 94.229168 -42.265198 -21.121683 -91.847414 33.435417 348.243042 0.000000 0.000000 0.000000 1.000000
96.413213 -26.170218 4.428556 -10.017648 4.499282 32.557722 94.444435 -41.446472 -26.158151 -90.857660 32.567417 400.856506 0.000000 0.000000 0.000000 1.000000
96.975279 -22.747155 8.852241 -25.094557 -0.535191 34.276177 93.940712 -34.209839 -24.403049 -91.146644 33.117677 452.917419 0.000000 0.000000 0.000000 1.000000
98.355918 -11.873941 13.605991 -40.825714 -8.480506 36.148562 92.851292 -24.364777 -15.943478 -92.478597 34.547280 503.501526 0.000000 0.000000 0.000000 1.000000
98.788663 0.886324 15.492403 -47.043846 -14.721229 36.927638 91.758569 -15.322174 -4.907700 -92.927735 36.610798 550.607483 0.000000 0.000000 0.000000 1.000000
98.902375 7.928595 12.468263 -37.602779 -14.568799 38.257096 91.236751 -7.881958 2.463797 -92.051790 38.992278 596.417847 0.000000 0.000000 0.000000 1.000000
99.135446 9.240822 9.315075 -27.729061 -12.132875 37.530244 91.892732 -9.055084 4.995674 -92.228456 38.326952 649.150146 0.000000 0.000000 0.000000 1.000000
99.273934 9.315445 7.609770 -22.391783 -10.429580 35.144538 93.038085 -14.275330 5.992493 -93.156234 35.860927 708.366394 0.000000 0.000000 0.000000 1.000000
99.127282 10.965903 7.316482 -21.928703 -10.638796 33.772739 93.521217 -20.622345 7.784470 -93.483427 34.644639 764.775024 0.000000 0.000000 0.000000 1.000000
98.253649 15.834340 9.772111 -31.567236 -14.630821 33.297508 93.151570 -26.778351 11.496067 -92.954557 35.032710 814.146729 0.000000 0.000000 0.000000 1.000000
96.303404 23.221740 13.653031 -45.512157 -21.305737 34.646174 91.354848 -27.273682 16.483933 -90.886706 38.313008 848.878662 0.000000 0.000000 0.000000 1.000000
94.936987 29.216388 11.548640 -38.236973 -22.051442 35.789150 90.735168 -27.958740 22.376378 -88.687876 40.419776 891.022644 0.000000 0.000000 0.000000 1.000000
95.034229 30.479490 6.284591 -19.857939 -17.017673 33.989242 92.493947 -30.855499 26.055599 -88.970400 37.488314 957.386597 0.000000 0.000000 0.000000 1.000000</float_array><technique_common><accessor source="#free3dmodel_skeleton-Matrix-animation-output-transform-array" count="23" stride="16"><param type="float4x4"/></accessor></technique_common></source><source id="free3dmodel_skeleton-Interpolations"><Name_array id="free3dmodel_skeleton-Interpolations-array" count="23">
 LINEAR LINEAR LINEAR LINEAR LINEAR LINEAR LINEAR LINEAR LINEAR LINEAR LINEAR
LINEAR LINEAR LINEAR LINEAR LINEAR LINEAR LINEAR LINEAR LINEAR LINEAR LINEAR LINEAR</Name_array><technique_common><accessor source="#free3dmodel_skeleton-Interpolations-array" count="23"><param type="name"/></accessor></technique_common></source><sampler id="free3dmodel_skeleton-Matrix-animation-transform"><input semantic="INPUT" source="#free3dmodel_skeleton-Matrix-animation-input"/><input semantic="OUTPUT" source="#free3dmodel_skeleton-Matrix-animation-output-transform"/><input semantic="INTERPOLATION" source="#free3dmodel_skeleton-Interpolations"/></sampler><channel source="#free3dmodel_skeleton-Matrix-animation-transform" target="free3dmodel_skeleton/matrix"/></animation>
    <animation id="hips-anim" name="hips"><source id="hips-Matrix-animation-input"><float_array id="hips-Matrix-animation-input-array" count="23">

0.000000 0.033333 0.066667 0.100000 0.133333 0.166667 0.200000 0.233333 0.266667 0.300000 0.333333 0.366667 0.400000 0.433333 0.466667 0.500000
0.533333 0.566667 0.600000 0.633333 0.666667 0.700000 0.733333</float_array><technique_common><accessor source="#hips-Matrix-animation-input-array" count="23"><param name="TIME" type="float"/></accessor></technique_common></source><source id="hips-Matrix-animation-output-transform"><float_array id="hips-Matrix-animation-output-transform-array" count="368">

1.000000 0.000000 -0.000000 0.000000 -0.000000 0.000234 -1.000000 0.052000 -0.000000 1.000000 0.000234 3.016600 0.000000 0.000000 0.000000 1.000000
1.000000 0.000000 0.000000 0.000000 0.000000 0.000234 -1.000000 0.052000 -0.000000 1.000000 0.000234 3.016600 0.000000 0.000000 0.000000 1.000000
1.000000 0.000000 0.000000 -0.000000 0.000000 0.000234 -1.000000 0.052000 0.000000 1.000000 0.000234 3.016600 0.000000 0.000000 0.000000 1.000000
1.000000 0.000000 -0.000000 -0.000000 0.000000 0.000234 -1.000000 0.052000 0.000000 1.000000 0.000234 3.016600 0.000000 0.000000 0.000000 1.000000
1.000000 -0.000000 0.000000 0.000000 0.000000 0.000234 -1.000000 0.052000 0.000000 1.000000 0.000234 3.016600 0.000000 0.000000 0.000000 1.000000
1.000000 0.000000 0.000000 -0.000000 0.000000 0.000234 -1.000000 0.052000 0.000000 1.000000 0.000234 3.016600 0.000000 0.000000 0.000000 1.000000
1.000000 -0.000000 0.000000 0.000000 0.000000 0.000234 -1.000000 0.052000 0.000000 1.000000 0.000234 3.016600 0.000000 0.000000 0.000000 1.000000
1.000000 0.000000 -0.000000 0.000000 -0.000000 0.000234 -1.000000 0.052000 -0.000000 1.000000 0.000234 3.016600 0.000000 0.000000 0.000000 1.000000
1.000000 0.000000 0.000000 0.000000 0.000000 0.000234 -1.000000 0.052000 -0.000000 1.000000 0.000234 3.016600 0.000000 0.000000 0.000000 1.000000
1.000000 0.000000 0.000000 0.000000 0.000000 0.000234 -1.000000 0.052000 -0.000000 1.000000 0.000234 3.016600 0.000000 0.000000 0.000000 1.000000
1.000000 0.000000 0.000000 0.000000 0.000000 0.000234 -1.000000 0.052000 0.000000 1.000000 0.000234 3.016600 0.000000 0.000000 0.000000 1.000000
1.000000 -0.000000 -0.000000 0.000000 0.000000 0.000234 -1.000000 0.052000 0.000000 1.000000 0.000234 3.016600 0.000000 0.000000 0.000000 1.000000
1.000000 0.000000 0.000000 0.000000 -0.000000 0.000234 -1.000000 0.052000 0.000000 1.000000 0.000234 3.016600 0.000000 0.000000 0.000000 1.000000
1.000000 -0.000000 0.000000 0.000000 0.000000 0.000234 -1.000000 0.052000 0.000000 1.000000 0.000234 3.016600 0.000000 0.000000 0.000000 1.000000
1.000000 0.000000 -0.000000 0.000000 -0.000000 0.000234 -1.000000 0.052000 -0.000000 1.000000 0.000234 3.016600 0.000000 0.000000 0.000000 1.000000
1.000000 -0.000000 -0.000000 -0.000000 -0.000000 0.000234 -1.000000 0.052000 -0.000000 1.000000 0.000234 3.016600 0.000000 0.000000 0.000000 1.000000
1.000000 0.000000 0.000000 0.000000 0.000000 0.000234 -1.000000 0.052000 -0.000000 1.000000 0.000234 3.016600 0.000000 0.000000 0.000000 1.000000
1.000000 -0.000000 -0.000000 -0.000000 -0.000000 0.000234 -1.000000 0.052000 0.000000 1.000000 0.000234 3.016600 0.000000 0.000000 0.000000 1.000000
1.000000 -0.000000 0.000000 -0.000000 0.000000 0.000234 -1.000000 0.052000 -0.000000 1.000000 0.000234 3.016600 0.000000 0.000000 0.000000 1.000000
1.000000 -0.000000 0.000000 -0.000000 -0.000000 0.000234 -1.000000 0.052000 -0.000000 1.000000 0.000234 3.016600 0.000000 0.000000 0.000000 1.000000
1.000000 0.000000 -0.000000 0.000000 -0.000000 0.000234 -1.000000 0.052000 -0.000000 1.000000 0.000234 3.016600 0.000000 0.000000 0.000000 1.000000
1.000000 0.000000 0.000000 -0.000000 -0.000000 0.000234 -1.000000 0.052000 -0.000000 1.000000 0.000234 3.016600 0.000000 0.000000 0.000000 1.000000
1.000000 -0.000000 -0.000000 0.000000 0.000000 0.000234 -1.000000 0.052000 -0.000000 1.000000 0.000234 3.016600 0.000000 0.000000 0.000000 1.000000</float_array><technique_common><accessor source="#hips-Matrix-animation-output-transform-array" count="23" stride="16"><param type="float4x4"/></accessor></technique_common></source><source id="hips-Interpolations"><Name_array id="hips-Interpolations-array" count="23">
 LINEAR LINEAR LINEAR LINEAR LINEAR LINEAR LINEAR LINEAR LINEAR LINEAR LINEAR
LINEAR LINEAR LINEAR LINEAR LINEAR LINEAR LINEAR LINEAR LINEAR LINEAR LINEAR LINEAR</Name_array><technique_common><accessor source="#hips-Interpolations-array" count="23"><param type="name"/></accessor></technique_common></source><sampler id="hips-Matrix-animation-transform"><input semantic="INPUT" source="#hips-Matrix-animation-input"/><input semantic="OUTPUT" source="#hips-Matrix-animation-output-transform"/><input semantic="INTERPOLATION" source="#hips-Interpolations"/></sampler><channel source="#hips-Matrix-animation-transform" target="hips/matrix"/></animation>
    <animation id="abdomen-anim" name="abdomen"><source id="abdomen-Matrix-animation-input"><float_array id="abdomen-Matrix-animation-input-array" count="23">

0.000000 0.033333 0.066667 0.100000 0.133333 0.166667 0.200000 0.233333 0.266667 0.300000 0.333333 0.366667 0.400000 0.433333 0.466667 0.500000
0.533333 0.566667 0.600000 0.633333 0.666667 0.700000 0.733333</float_array><technique_common><accessor source="#abdomen-Matrix-animation-input-array" count="23"><param name="TIME" type="float"/></accessor></technique_common></source><source id="abdomen-Matrix-animation-output-transform"><float_array id="abdomen-Matrix-animation-output-transform-array" count="368">

0.978141 -0.020524 0.206928 0.000000 0.075662 0.962033 -0.262236 0.491500 -0.193689 0.272160 0.942557 -0.000000 0.000000 0.000000 0.000000 1.000000
0.964644 0.061250 0.256340 0.000000 0.004601 0.968559 -0.248743 0.491500 -0.263515 0.241128 0.934033 0.000000 0.000000 0.000000 0.000000 1.000000
0.953801 0.137226 0.267268 0.000000 -0.079224 0.972986 -0.216843 0.491500 -0.289804 0.185651 0.938907 0.000000 0.000000 0.000000 0.000000 1.000000
0.953200 0.159567 0.256803 -0.000000 -0.114359 0.976566 -0.182319 0.491500 -0.279877 0.144419 0.949111 0.000000 0.000000 0.000000 0.000000 1.000000
0.964582 0.124477 0.232567 0.000000 -0.091084 0.984601 -0.149215 0.491500 -0.247559 0.122747 0.961066 0.000000 0.000000 0.000000 0.000000 1.000000
0.976426 0.094250 0.194191 0.000000 -0.065283 0.986450 -0.150517 0.491500 -0.205746 0.134292 0.969347 -0.000000 0.000000 0.000000 0.000000 1.000000
0.980397 0.105239 0.166574 0.000000 -0.075016 0.981107 -0.178332 0.491500 -0.182194 0.162340 0.969769 0.000000 0.000000 0.000000 0.000000 1.000000
0.980554 0.130719 0.146375 -0.000000 -0.099876 0.974452 -0.201169 0.491500 -0.168932 0.182638 0.968558 0.000000 0.000000 0.000000 0.000000 1.000000
0.983904 0.150659 0.096097 0.000000 -0.126163 0.966499 -0.223523 0.491500 -0.126554 0.207801 0.969950 -0.000000 0.000000 0.000000 0.000000 1.000000
0.988573 0.150571 0.007262 0.000000 -0.144177 0.958463 -0.246093 0.491500 -0.044015 0.242233 0.969219 0.000000 0.000000 0.000000 0.000000 1.000000
0.992401 0.084975 -0.088989 0.000000 -0.104668 0.963225 -0.247471 0.491500 0.064687 0.254905 0.964800 -0.000000 0.000000 0.000000 0.000000 1.000000
0.983904 0.001829 -0.178687 0.000000 -0.046207 0.968544 -0.244514 0.491500 0.172619 0.248835 0.953039 0.000000 0.000000 0.000000 0.000000 1.000000
0.968376 -0.063317 -0.241328 0.000000 0.006701 0.973514 -0.228530 0.491500 0.249406 0.219686 0.943151 0.000000 0.000000 0.000000 0.000000 1.000000
0.960867 -0.123439 -0.247986 0.000000 0.070239 0.974538 -0.212936 0.491500 0.267957 0.187185 0.945072 -0.000000 0.000000 0.000000 0.000000 1.000000
0.964552 -0.150266 -0.216931 0.000000 0.105724 0.973232 -0.204062 0.491500 0.241788 0.173894 0.954620 0.000000 0.000000 0.000000 0.000000 1.000000
0.974109 -0.126098 -0.187643 0.000000 0.091280 0.978708 -0.183844 0.491500 0.206831 0.161957 0.964879 0.000000 0.000000 0.000000 0.000000 1.000000
0.981860 -0.100565 -0.160738 0.000000 0.068012 0.978138 -0.196521 0.491500 0.176988 0.182025 0.967234 -0.000000 0.000000 0.000000 0.000000 1.000000
0.987011 -0.091031 -0.132372 0.000000 0.059647 0.972720 -0.224183 0.491500 0.149168 0.213375 0.965515 0.000000 0.000000 0.000000 0.000000 1.000000
0.990190 -0.097646 -0.099945 0.000000 0.071854 0.969306 -0.235125 0.491500 0.119837 0.225637 0.966813 -0.000000 0.000000 0.000000 0.000000 1.000000
0.992195 -0.119846 -0.034445 -0.000000 0.107920 0.963676 -0.244297 0.491500 0.062472 0.238672 0.969089 -0.000000 0.000000 0.000000 0.000000 1.000000
0.987796 -0.142020 0.063942 -0.000000 0.153683 0.955431 -0.252058 0.491500 -0.025294 0.258809 0.965597 0.000000 0.000000 0.000000 0.000000 1.000000
0.984673 -0.101378 0.141922 0.000000 0.134495 0.959429 -0.247804 0.491500 -0.111042 0.263094 0.958359 0.000000 0.000000 0.000000 0.000000 1.000000
0.978141 -0.020524 0.206928 0.000000 0.075662 0.962033 -0.262236 0.491500 -0.193690 0.272160 0.942557 0.000000 0.000000 0.000000 0.000000 1.000000</float_array><technique_common><accessor source="#abdomen-Matrix-animation-output-transform-array" count="23" stride="16"><param type="float4x4"/></accessor></technique_common></source><source id="abdomen-Interpolations"><Name_array id="abdomen-Interpolations-array" count="23">
 LINEAR LINEAR LINEAR LINEAR LINEAR LINEAR LINEAR LINEAR LINEAR LINEAR LINEAR
LINEAR LINEAR LINEAR LINEAR LINEAR LINEAR LINEAR LINEAR LINEAR LINEAR LINEAR LINEAR</Name_array><technique_common><accessor source="#abdomen-Interpolations-array" count="23"><param type="name"/></accessor></technique_common></source><sampler id="abdomen-Matrix-animation-transform"><input semantic="INPUT" source="#abdomen-Matrix-animation-input"/><input semantic="OUTPUT" source="#abdomen-Matrix-animation-output-transform"/><input semantic="INTERPOLATION" source="#abdomen-Interpolations"/></sampler><channel source="#abdomen-Matrix-animation-transform" target="abdomen/matrix"/></animation>
    <animation id="abdomen2-anim" name="abdomen2"><source id="abdomen2-Matrix-animation-input"><float_array id="abdomen2-Matrix-animation-input-array" count="23">

0.000000 0.033333 0.066667 0.100000 0.133333 0.166667 0.200000 0.233333 0.266667 0.300000 0.333333 0.366667 0.400000 0.433333 0.466667 0.500000
0.533333 0.566667 0.600000 0.633333 0.666667 0.700000 0.733333</float_array><technique_common><accessor source="#abdomen2-Matrix-animation-input-array" count="23"><param name="TIME" type="float"/></accessor></technique_common></source><source id="abdomen2-Matrix-animation-output-transform"><float_array id="abdomen2-Matrix-animation-output-transform-array" count="368">

0.998511 -0.024547 0.048717 -0.000000 0.013000 0.974383 0.224517 0.263800 -0.052980 -0.223549 0.973252 -0.000000 0.000000 0.000000 0.000000 1.000000
0.997469 -0.017490 0.068923 0.000000 0.001254 0.973454 0.228880 0.263800 -0.071097 -0.228214 0.971012 0.000000 0.000000 0.000000 0.000000 1.000000
0.996877 -0.007359 0.078623 -0.000000 -0.011139 0.972589 0.232265 0.263800 -0.078177 -0.232415 0.969470 0.000000 0.000000 0.000000 0.000000 1.000000
0.996899 0.002090 0.078663 0.000000 -0.020470 0.972120 0.233589 0.263800 -0.075982 -0.234475 0.969148 0.000000 0.000000 0.000000 0.000000 1.000000
0.997558 0.004181 0.069715 -0.000000 -0.020472 0.971863 0.234657 0.263800 -0.066772 -0.235511 0.969575 0.000000 0.000000 0.000000 0.000000 1.000000
0.998395 0.002839 0.056567 0.000000 -0.015838 0.972895 0.230706 0.263800 -0.054379 -0.231231 0.971378 -0.000000 0.000000 0.000000 0.000000 1.000000
0.998781 0.005200 0.049077 0.000000 -0.015860 0.975504 0.219409 0.263800 -0.046734 -0.219920 0.974398 -0.000000 0.000000 0.000000 0.000000 1.000000
0.998909 0.010989 0.045387 0.000000 -0.020390 0.977015 0.212192 0.263800 -0.042012 -0.212886 0.976173 -0.000000 0.000000 0.000000 0.000000 1.000000
0.999208 0.018907 0.035026 -0.000000 -0.025897 0.977068 0.211349 0.263800 -0.030227 -0.212089 0.976783 -0.000000 0.000000 0.000000 0.000000 1.000000
0.999539 0.026350 0.015114 0.000000 -0.028967 0.976594 0.213129 0.263800 -0.009144 -0.213469 0.976907 0.000000 0.000000 0.000000 0.000000 1.000000
0.999595 0.025078 -0.013479 0.000000 -0.021555 0.975900 0.217152 0.263800 0.018599 -0.216773 0.976045 0.000000 0.000000 0.000000 0.000000 1.000000
0.998835 0.019444 -0.044158 -0.000000 -0.009170 0.975025 0.221906 0.263800 0.047370 -0.221243 0.974068 -0.000000 0.000000 0.000000 0.000000 1.000000
0.997712 0.015486 -0.065817 0.000000 -0.000031 0.973523 0.228591 0.263800 0.067614 -0.228066 0.971295 0.000000 0.000000 0.000000 0.000000 1.000000
0.997355 0.009604 -0.072049 0.000000 0.007304 0.972972 0.230807 0.263800 0.072318 -0.230723 0.970328 0.000000 0.000000 0.000000 0.000000 1.000000
0.997824 0.003174 -0.065850 -0.000000 0.011908 0.973735 0.227375 0.263800 0.064843 -0.227664 0.971578 0.000000 0.000000 0.000000 0.000000 1.000000
0.998415 0.001030 -0.056273 0.000000 0.011581 0.974677 0.223318 0.263800 0.055078 -0.223616 0.973120 0.000000 0.000000 0.000000 0.000000 1.000000
0.998887 0.001870 -0.047121 0.000000 0.008597 0.975252 0.220931 0.263800 0.046368 -0.221090 0.974150 -0.000000 0.000000 0.000000 0.000000 1.000000
0.999251 0.000990 -0.038689 0.000000 0.007343 0.976662 0.214657 0.263800 0.037998 -0.214780 0.975923 0.000000 0.000000 0.000000 0.000000 1.000000
0.999528 -0.003245 -0.030562 0.000000 0.009562 0.977893 0.208887 0.263800 0.029209 -0.209080 0.977462 0.000000 0.000000 0.000000 0.000000 1.000000
0.999792 -0.012277 -0.016270 -0.000000 0.015396 0.977985 0.208104 0.263800 0.013357 -0.208311 0.977971 -0.000000 0.000000 0.000000 0.000000 1.000000
0.999635 -0.026742 0.003722 0.000000 0.025323 0.976437 0.214314 0.263800 -0.009365 -0.214141 0.976758 -0.000000 0.000000 0.000000 0.000000 1.000000
0.999215 -0.030971 0.024683 0.000000 0.024740 0.974822 0.221607 0.263800 -0.030925 -0.220823 0.974824 0.000000 0.000000 0.000000 0.000000 1.000000
0.998511 -0.024547 0.048717 0.000000 0.013000 0.974383 0.224517 0.263800 -0.052980 -0.223549 0.973252 0.000000 0.000000 0.000000 0.000000 1.000000</float_array><technique_common><accessor source="#abdomen2-Matrix-animation-output-transform-array" count="23" stride="16"><param type="float4x4"/></accessor></technique_common></source><source id="abdomen2-Interpolations"><Name_array id="abdomen2-Interpolations-array" count="23">
 LINEAR LINEAR LINEAR LINEAR LINEAR LINEAR LINEAR LINEAR LINEAR LINEAR LINEAR
LINEAR LINEAR LINEAR LINEAR LINEAR LINEAR LINEAR LINEAR LINEAR LINEAR LINEAR LINEAR</Name_array><technique_common><accessor source="#abdomen2-Interpolations-array" count="23"><param type="name"/></accessor></technique_common></source><sampler id="abdomen2-Matrix-animation-transform"><input semantic="INPUT" source="#abdomen2-Matrix-animation-input"/><input semantic="OUTPUT" source="#abdomen2-Matrix-animation-output-transform"/><input semantic="INTERPOLATION" source="#abdomen2-Interpolations"/></sampler><channel source="#abdomen2-Matrix-animation-transform" target="abdomen2/matrix"/></animation>
    <animation id="chest-anim" name="chest"><source id="chest-Matrix-animation-input"><float_array id="chest-Matrix-animation-input-array" count="23">

0.000000 0.033333 0.066667 0.100000 0.133333 0.166667 0.200000 0.233333 0.266667 0.300000 0.333333 0.366667 0.400000 0.433333 0.466667 0.500000
0.533333 0.566667 0.600000 0.633333 0.666667 0.700000 0.733333</float_array><technique_common><accessor source="#chest-Matrix-animation-input-array" count="23"><param name="TIME" type="float"/></accessor></technique_common></source><source id="chest-Matrix-animation-output-transform"><float_array id="chest-Matrix-animation-output-transform-array" count="368">

0.998552 -0.013847 0.051978 0.000000 0.025023 0.974955 -0.220989 0.460500 -0.047616 0.221970 0.973890 0.000000 0.000000 0.000000 0.000000 1.000000
0.997496 -0.002903 0.070667 0.000000 0.018154 0.976191 -0.216153 0.460500 -0.068357 0.216894 0.973799 0.000000 0.000000 0.000000 0.000000 1.000000
0.996874 0.008813 0.078517 0.000000 0.008070 0.977206 -0.212140 0.460500 -0.078597 0.212111 0.974080 0.000000 0.000000 0.000000 0.000000 1.000000
0.996878 0.018132 0.076843 -0.000000 -0.001561 0.977609 -0.210423 0.460500 -0.078938 0.209646 0.974586 0.000000 0.000000 0.000000 0.000000 1.000000
0.997541 0.018366 0.067631 0.000000 -0.003797 0.977797 -0.209521 0.460500 -0.069977 0.208749 0.975463 0.000000 0.000000 0.000000 0.000000 1.000000
0.998385 0.014558 0.054906 0.000000 -0.002481 0.976853 -0.213895 0.460500 -0.056749 0.213414 0.975312 0.000000 0.000000 0.000000 0.000000 1.000000
0.998775 0.015691 0.046925 0.000000 -0.004719 0.974269 -0.225339 0.460500 -0.049253 0.224841 0.973150 -0.000000 0.000000 0.000000 0.000000 1.000000
0.998898 0.020777 0.042083 0.000000 -0.010436 0.972551 -0.232454 0.460500 -0.045757 0.231759 0.971696 0.000000 0.000000 0.000000 0.000000 1.000000
0.999187 0.026301 0.030562 0.000000 -0.018456 0.972233 -0.233285 0.460500 -0.035849 0.232531 0.971928 0.000000 0.000000 0.000000 0.000000 1.000000
0.999522 0.029287 0.009942 0.000000 -0.026187 0.972411 -0.231800 0.460500 -0.016456 0.231429 0.972713 0.000000 0.000000 0.000000 0.000000 1.000000
0.999603 0.021947 -0.017674 0.000000 -0.025405 0.973271 -0.228251 0.460500 0.012192 0.228609 0.973442 0.000000 0.000000 0.000000 0.000000 1.000000
0.998857 0.010086 -0.046715 0.000000 -0.020293 0.974490 -0.223510 0.460500 0.043269 0.224203 0.973581 -0.000000 0.000000 0.000000 0.000000 1.000000
0.997728 0.002090 -0.067340 -0.000000 -0.016653 0.976154 -0.216438 0.460500 0.065282 0.217068 0.973971 0.000000 0.000000 0.000000 0.000000 1.000000
0.997358 -0.004706 -0.072494 -0.000000 -0.010937 0.976799 -0.213879 0.460500 0.071818 0.214106 0.974167 0.000000 0.000000 0.000000 0.000000 1.000000
0.997826 -0.010039 -0.065135 0.000000 -0.004364 0.976099 -0.217285 0.460500 0.065759 0.217097 0.973933 0.000000 0.000000 0.000000 0.000000 1.000000
0.998419 -0.010221 -0.055270 0.000000 -0.002279 0.975159 -0.221496 0.460500 0.056161 0.221272 0.973594 -0.000000 0.000000 0.000000 0.000000 1.000000
0.998892 -0.007569 -0.046446 0.000000 -0.003032 0.974574 -0.224047 0.460500 0.046961 0.223940 0.973471 0.000000 0.000000 0.000000 0.000000 1.000000
0.999256 -0.006822 -0.037970 0.000000 -0.002111 0.973094 -0.230397 0.460500 0.038520 0.230306 0.972356 0.000000 0.000000 0.000000 0.000000 1.000000
0.999531 -0.009358 -0.029159 0.000000 0.002209 0.971715 -0.236147 0.460500 0.030544 0.235972 0.971280 0.000000 0.000000 0.000000 0.000000 1.000000
0.999794 -0.015131 -0.013512 0.000000 0.011500 0.971456 -0.236940 0.460500 0.016712 0.236736 0.971430 0.000000 0.000000 0.000000 0.000000 1.000000
0.999650 -0.025068 0.008415 -0.000000 0.026334 0.972614 -0.230928 0.460500 -0.002396 0.231069 0.972934 0.000000 0.000000 0.000000 0.000000 1.000000
0.999253 -0.024970 0.029487 0.000000 0.030950 0.974109 -0.223952 0.460500 -0.023132 0.224697 0.974154 -0.000000 0.000000 0.000000 0.000000 1.000000
0.998552 -0.013847 0.051978 0.000000 0.025023 0.974955 -0.220989 0.460500 -0.047616 0.221970 0.973890 0.000000 0.000000 0.000000 0.000000 1.000000</float_array><technique_common><accessor source="#chest-Matrix-animation-output-transform-array" count="23" stride="16"><param type="float4x4"/></accessor></technique_common></source><source id="chest-Interpolations"><Name_array id="chest-Interpolations-array" count="23">
 LINEAR LINEAR LINEAR LINEAR LINEAR LINEAR LINEAR LINEAR LINEAR LINEAR LINEAR
LINEAR LINEAR LINEAR LINEAR LINEAR LINEAR LINEAR LINEAR LINEAR LINEAR LINEAR LINEAR</Name_array><technique_common><accessor source="#chest-Interpolations-array" count="23"><param type="name"/></accessor></technique_common></source><sampler id="chest-Matrix-animation-transform"><input semantic="INPUT" source="#chest-Matrix-animation-input"/><input semantic="OUTPUT" source="#chest-Matrix-animation-output-transform"/><input semantic="INTERPOLATION" source="#chest-Interpolations"/></sampler><channel source="#chest-Matrix-animation-transform" target="chest/matrix"/></animation>
    <animation id="neck-anim" name="neck"><source id="neck-Matrix-animation-input"><float_array id="neck-Matrix-animation-input-array" count="23">

0.000000 0.033333 0.066667 0.100000 0.133333 0.166667 0.200000 0.233333 0.266667 0.300000 0.333333 0.366667 0.400000 0.433333 0.466667 0.500000
0.533333 0.566667 0.600000 0.633333 0.666667 0.700000 0.733333</float_array><technique_common><accessor source="#neck-Matrix-animation-input-array" count="23"><param name="TIME" type="float"/></accessor></technique_common></source><source id="neck-Matrix-animation-output-transform"><float_array id="neck-Matrix-animation-output-transform-array" count="368">

0.999269 -0.032126 -0.020704 -0.000000 0.026556 0.973209 -0.228383 0.867400 0.027487 0.227666 0.973351 0.000000 0.000000 0.000000 0.000000 1.000000
0.999040 -0.025455 -0.035653 0.000000 0.016732 0.973875 -0.226468 0.867400 0.040486 0.225654 0.973366 0.000000 0.000000 0.000000 0.000000 1.000000
0.998719 -0.016138 -0.047953 0.000000 0.004890 0.974119 -0.225982 0.867400 0.050359 0.225458 0.972950 0.000000 0.000000 0.000000 0.000000 1.000000
0.998305 -0.015627 -0.056056 0.000000 0.002378 0.973423 -0.229004 0.867400 0.058145 0.228483 0.971810 0.000000 0.000000 0.000000 0.000000 1.000000
0.998050 -0.021194 -0.058713 0.000000 0.006752 0.971732 -0.235992 0.867400 0.062055 0.235135 0.969980 -0.000000 0.000000 0.000000 0.000000 1.000000
0.998135 -0.024047 -0.056105 0.000000 0.009647 0.969723 -0.244016 0.867400 0.060274 0.243019 0.968147 0.000000 0.000000 0.000000 0.000000 1.000000
0.998249 -0.026040 -0.053111 0.000000 0.011920 0.968022 -0.250581 0.867400 0.057938 0.249510 0.966638 0.000000 0.000000 0.000000 0.000000 1.000000
0.998353 -0.028126 -0.050010 0.000000 0.014471 0.966864 -0.254882 0.867400 0.055522 0.253739 0.965678 0.000000 0.000000 0.000000 0.000000 1.000000
0.998631 -0.026203 -0.045276 0.000000 0.013781 0.966704 -0.255525 0.867400 0.050464 0.254551 0.965742 -0.000000 0.000000 0.000000 0.000000 1.000000
0.998916 -0.024415 -0.039623 0.000000 0.013815 0.968530 -0.248513 0.867400 0.044443 0.247696 0.967818 -0.000000 0.000000 0.000000 0.000000 1.000000
0.999195 -0.025474 -0.030996 -0.000000 0.017189 0.969879 -0.242982 0.867400 0.036252 0.242254 0.969535 0.000000 0.000000 0.000000 0.000000 1.000000
0.999481 -0.027169 -0.017316 -0.000000 0.022160 0.969857 -0.242664 0.867400 0.023387 0.242154 0.969956 0.000000 0.000000 0.000000 0.000000 1.000000
0.999496 -0.031623 -0.002674 -0.000000 0.030012 0.969236 -0.244296 0.867400 0.010317 0.244093 0.969697 -0.000000 0.000000 0.000000 0.000000 1.000000
0.999231 -0.038400 0.007932 0.000000 0.039169 0.968195 -0.247114 0.867400 0.001809 0.247234 0.968954 0.000000 0.000000 0.000000 0.000000 1.000000
0.999055 -0.041259 0.013687 -0.000000 0.043362 0.968088 -0.246831 0.867400 -0.003067 0.247191 0.968962 0.000000 0.000000 0.000000 0.000000 1.000000
0.999152 -0.038120 0.015559 -0.000000 0.040772 0.968670 -0.244981 0.867400 -0.005733 0.245408 0.969403 0.000000 0.000000 0.000000 0.000000 1.000000
0.999380 -0.032398 0.013817 0.000000 0.034811 0.968282 -0.247422 0.867400 -0.005363 0.247749 0.968809 -0.000000 0.000000 0.000000 0.000000 1.000000
0.999612 -0.026187 0.009504 -0.000000 0.027735 0.967519 -0.251271 0.867400 -0.002615 0.251437 0.967870 0.000000 0.000000 0.000000 0.000000 1.000000
0.999745 -0.021989 0.005135 -0.000000 0.022574 0.967816 -0.250644 0.867400 0.000542 0.250696 0.968066 0.000000 0.000000 0.000000 0.000000 1.000000
0.999701 -0.024447 0.000091 0.000000 0.023719 0.968989 -0.245964 0.867400 0.005925 0.245892 0.969279 0.000000 0.000000 0.000000 0.000000 1.000000
0.999650 -0.025958 -0.005028 0.000000 0.024005 0.970721 -0.239009 0.867400 0.011085 0.238805 0.971004 -0.000000 0.000000 0.000000 0.000000 1.000000
0.999549 -0.028309 -0.010042 0.000000 0.025184 0.972043 -0.233450 0.867400 0.016370 0.233092 0.972317 0.000000 0.000000 0.000000 0.000000 1.000000
0.999269 -0.032126 -0.020704 0.000000 0.026556 0.973209 -0.228383 0.867400 0.027487 0.227666 0.973351 -0.000000 0.000000 0.000000 0.000000 1.000000</float_array><technique_common><accessor source="#neck-Matrix-animation-output-transform-array" count="23" stride="16"><param type="float4x4"/></accessor></technique_common></source><source id="neck-Interpolations"><Name_array id="neck-Interpolations-array" count="23">
 LINEAR LINEAR LINEAR LINEAR LINEAR LINEAR LINEAR LINEAR LINEAR LINEAR LINEAR
LINEAR LINEAR LINEAR LINEAR LINEAR LINEAR LINEAR LINEAR LINEAR LINEAR LINEAR LINEAR</Name_array><technique_common><accessor source="#neck-Interpolations-array" count="23"><param type="name"/></accessor></technique_common></source><sampler id="neck-Matrix-animation-transform"><input semantic="INPUT" source="#neck-Matrix-animation-input"/><input semantic="OUTPUT" source="#neck-Matrix-animation-output-transform"/><input semantic="INTERPOLATION" source="#neck-Interpolations"/></sampler><channel source="#neck-Matrix-animation-transform" target="neck/matrix"/></animation>
    <animation id="shoulder.L-anim" name="shoulder.L"><source id="shoulder.L-Matrix-animation-input"><float_array id="shoulder.L-Matrix-animation-input-array" count="23">

0.000000 0.033333 0.066667 0.100000 0.133333 0.166667 0.200000 0.233333 0.266667 0.300000 0.333333 0.366667 0.400000 0.433333 0.466667 0.500000
0.533333 0.566667 0.600000 0.633333 0.666667 0.700000 0.733333</float_array><technique_common><accessor source="#shoulder.L-Matrix-animation-input-array" count="23"><param name="TIME" type="float"/></accessor></technique_common></source><source id="shoulder.L-Matrix-animation-output-transform"><float_array id="shoulder.L-Matrix-animation-output-transform-array" count="368">

0.388594 0.899039 0.201798 0.059900 -0.115790 -0.169627 0.978682 0.654700 0.914105 -0.403677 0.038184 0.179400 0.000000 0.000000 0.000000 1.000000
0.397385 0.902129 0.168073 0.059900 -0.102262 -0.138479 0.985072 0.654700 0.911936 -0.408640 0.037224 0.179400 0.000000 0.000000 0.000000 1.000000
0.349814 0.924758 0.149842 0.059900 -0.095883 -0.123766 0.987668 0.654700 0.931899 -0.359868 0.045373 0.179400 0.000000 0.000000 0.000000 1.000000
0.321198 0.935658 0.146202 0.059900 -0.095118 -0.121728 0.987995 0.654700 0.942223 -0.331249 0.049899 0.179400 0.000000 0.000000 0.000000 1.000000
0.319287 0.934247 0.158866 0.059900 -0.099711 -0.133591 0.986008 0.654700 0.942398 -0.330660 0.050501 0.179400 0.000000 0.000000 0.000000 1.000000
0.323852 0.925481 0.196480 0.059900 -0.113316 -0.168234 0.979212 0.654700 0.939297 -0.339384 0.050389 0.179400 0.000000 0.000000 0.000000 1.000000
0.310969 0.918681 0.243564 0.059900 -0.130206 -0.212674 0.968409 0.654700 0.941459 -0.332858 0.053483 0.179400 0.000000 0.000000 0.000000 1.000000
0.291310 0.913461 0.284125 0.059900 -0.144033 -0.251740 0.957017 0.654700 0.945724 -0.319712 0.058234 0.179400 0.000000 0.000000 0.000000 1.000000
0.270891 0.904256 0.330060 0.059900 -0.159064 -0.296118 0.941814 0.654700 0.949377 -0.307629 0.063619 0.179400 0.000000 0.000000 0.000000 1.000000
0.230283 0.910532 0.343367 0.059900 -0.160471 -0.312488 0.936269 0.654700 0.959802 -0.270707 0.074154 0.179400 0.000000 0.000000 0.000000 1.000000
0.185269 0.937112 0.295797 0.059900 -0.142131 -0.272290 0.951660 0.654700 0.972355 -0.218355 0.082746 0.179400 0.000000 0.000000 0.000000 1.000000
0.181280 0.954298 0.237597 0.059900 -0.124327 -0.217423 0.968127 0.654700 0.975541 -0.205042 0.079231 0.179400 0.000000 0.000000 0.000000 1.000000
0.214441 0.957444 0.193172 0.059900 -0.111320 -0.172527 0.978694 0.654700 0.970373 -0.231376 0.069586 0.179400 0.000000 0.000000 0.000000 1.000000
0.260602 0.951626 0.162770 0.059900 -0.101492 -0.140658 0.984842 0.654700 0.960097 -0.273171 0.059927 0.179400 0.000000 0.000000 0.000000 1.000000
0.308553 0.937866 0.158751 0.059900 -0.099635 -0.134109 0.985945 0.654700 0.945975 -0.320034 0.052064 0.179400 0.000000 0.000000 0.000000 1.000000
0.325072 0.929185 0.175907 0.059900 -0.105624 -0.149171 0.983154 0.654700 0.939772 -0.338175 0.049653 0.179400 0.000000 0.000000 0.000000 1.000000
0.295185 0.935276 0.195253 0.059900 -0.112308 -0.168977 0.979201 0.654700 0.948817 -0.310974 0.055159 0.179400 0.000000 0.000000 0.000000 1.000000
0.266185 0.939194 0.216933 0.059900 -0.119180 -0.191259 0.974277 0.654700 0.956526 -0.285192 0.061022 0.179400 0.000000 0.000000 0.000000 1.000000
0.281492 0.927310 0.246695 0.059900 -0.129573 -0.218003 0.967308 0.654700 0.950775 -0.304254 0.058789 0.179400 0.000000 0.000000 0.000000 1.000000
0.311249 0.914090 0.259929 0.059900 -0.135313 -0.228100 0.964189 0.654700 0.940646 -0.335274 0.052693 0.179400 0.000000 0.000000 0.000000 1.000000
0.331804 0.910519 0.246700 0.059900 -0.131299 -0.214395 0.967882 0.654700 0.934166 -0.353538 0.048413 0.179400 0.000000 0.000000 0.000000 1.000000
0.364655 0.903422 0.225509 0.059900 -0.124423 -0.192738 0.973330 0.654700 0.922792 -0.382988 0.042124 0.179400 0.000000 0.000000 0.000000 1.000000
0.388594 0.899039 0.201799 0.059900 -0.115790 -0.169627 0.978682 0.654700 0.914105 -0.403677 0.038184 0.179400 0.000000 0.000000 0.000000 1.000000</float_array><technique_common><accessor source="#shoulder.L-Matrix-animation-output-transform-array" count="23" stride="16"><param type="float4x4"/></accessor></technique_common></source><source id="shoulder.L-Interpolations"><Name_array id="shoulder.L-Interpolations-array" count="23">
 LINEAR LINEAR LINEAR LINEAR LINEAR LINEAR LINEAR LINEAR LINEAR LINEAR LINEAR
LINEAR LINEAR LINEAR LINEAR LINEAR LINEAR LINEAR LINEAR LINEAR LINEAR LINEAR LINEAR</Name_array><technique_common><accessor source="#shoulder.L-Interpolations-array" count="23"><param type="name"/></accessor></technique_common></source><sampler id="shoulder.L-Matrix-animation-transform"><input semantic="INPUT" source="#shoulder.L-Matrix-animation-input"/><input semantic="OUTPUT" source="#shoulder.L-Matrix-animation-output-transform"/><input semantic="INTERPOLATION" source="#shoulder.L-Interpolations"/></sampler><channel source="#shoulder.L-Matrix-animation-transform" target="shoulder.L/matrix"/></animation>
    <animation id="upper_arm.L-anim" name="upper_arm.L"><source id="upper_arm.L-Matrix-animation-input"><float_array id="upper_arm.L-Matrix-animation-input-array" count="23">

0.000000 0.033333 0.066667 0.100000 0.133333 0.166667 0.200000 0.233333 0.266667 0.300000 0.333333 0.366667 0.400000 0.433333 0.466667 0.500000
0.533333 0.566667 0.600000 0.633333 0.666667 0.700000 0.733333</float_array><technique_common><accessor source="#upper_arm.L-Matrix-animation-input-array" count="23"><param name="TIME" type="float"/></accessor></technique_common></source><source id="upper_arm.L-Matrix-animation-output-transform"><float_array id="upper_arm.L-Matrix-animation-output-transform-array" count="368">

-0.374409 -0.528476 0.761926 -0.000000 -0.816118 0.577886 -0.000214 0.578400 -0.440193 -0.621901 -0.647664 -0.000000 0.000000 0.000000 0.000000 1.000000
-0.405553 -0.625394 0.666640 0.000000 -0.764459 0.631891 0.127733 0.578400 -0.501127 -0.457817 -0.734354 0.000000 0.000000 0.000000 0.000000 1.000000
-0.436081 -0.675185 0.594945 0.000000 -0.692895 0.673771 0.256765 0.578400 -0.574220 -0.300264 -0.761651 0.000000 0.000000 0.000000 0.000000 1.000000
-0.495408 -0.663584 0.560559 -0.000000 -0.628094 0.719416 0.296543 0.578400 -0.600057 -0.205174 -0.773198 0.000000 0.000000 0.000000 0.000000 1.000000
-0.523421 -0.622424 0.581910 0.000000 -0.614531 0.748831 0.248203 0.578400 -0.590239 -0.227687 -0.774452 0.000000 0.000000 0.000000 0.000000 1.000000
-0.515902 -0.558356 0.649680 0.000000 -0.627827 0.762417 0.156697 0.578400 -0.582820 -0.327046 -0.743883 0.000000 0.000000 0.000000 0.000000 1.000000
-0.500588 -0.411927 0.761399 0.000000 -0.625523 0.780131 0.010807 0.578400 -0.598442 -0.470863 -0.648194 0.000000 0.000000 0.000000 0.000000 1.000000
-0.487021 -0.150044 0.860406 -0.000000 -0.607943 0.765535 -0.210618 0.578400 -0.627069 -0.625653 -0.464050 0.000000 0.000000 0.000000 0.000000 1.000000
-0.473428 0.184466 0.861300 0.000000 -0.557880 0.693906 -0.455264 0.578400 -0.681642 -0.696037 -0.225604 0.000000 0.000000 0.000000 0.000000 1.000000
-0.418030 0.498284 0.759582 0.000000 -0.501108 0.570944 -0.650318 0.578400 -0.757722 -0.652485 0.011022 0.000000 0.000000 0.000000 0.000000 1.000000
-0.302441 0.703745 0.642862 0.000000 -0.501608 0.455990 -0.735162 0.578400 -0.810505 -0.544808 0.215094 0.000000 0.000000 0.000000 0.000000 1.000000
-0.168245 0.789711 0.589958 -0.000000 -0.521820 0.436403 -0.732978 0.578400 -0.836300 -0.431171 0.338665 0.000000 0.000000 0.000000 0.000000 1.000000
-0.042449 0.785476 0.617434 -0.000000 -0.541925 0.501079 -0.674712 0.578400 -0.839354 -0.363244 0.404399 0.000000 0.000000 0.000000 0.000000 1.000000
0.051698 0.741232 0.669255 -0.000000 -0.550850 0.580150 -0.599992 0.578400 -0.833002 -0.337641 0.438300 0.000000 0.000000 0.000000 0.000000 1.000000
0.075771 0.702450 0.707688 0.000000 -0.539436 0.625779 -0.563391 0.578400 -0.838610 -0.339064 0.426343 0.000000 0.000000 0.000000 0.000000 1.000000
0.011990 0.655497 0.755102 0.000000 -0.529744 0.644638 -0.551193 0.578400 -0.848073 -0.393402 0.354975 0.000000 0.000000 0.000000 0.000000 1.000000
-0.091157 0.570420 0.816279 0.000000 -0.550687 0.654083 -0.518574 0.578400 -0.829719 -0.496786 0.254499 0.000000 0.000000 0.000000 0.000000 1.000000
-0.227990 0.428946 0.874086 0.000000 -0.587182 0.655539 -0.474854 0.578400 -0.776684 -0.621509 0.102413 0.000000 0.000000 0.000000 0.000000 1.000000
-0.374886 0.258140 0.890407 -0.000000 -0.623399 0.640688 -0.448211 0.578400 -0.686174 -0.723106 -0.079261 0.000000 0.000000 0.000000 0.000000 1.000000
-0.456108 0.076729 0.886611 -0.000000 -0.699359 0.585193 -0.410422 0.578400 -0.550330 -0.807255 -0.213250 -0.000000 0.000000 0.000000 0.000000 1.000000
-0.410955 -0.128147 0.902604 -0.000000 -0.807940 0.509834 -0.295471 0.578400 -0.422314 -0.850675 -0.313054 -0.000000 0.000000 0.000000 0.000000 1.000000
-0.346601 -0.362426 0.865168 0.000000 -0.850484 0.510469 -0.126878 0.578400 -0.395657 -0.779788 -0.485166 0.000000 0.000000 0.000000 0.000000 1.000000
